-22 616 -581 647 33
-37 575 -581 647 33
-11 616 -581 647 33
-52 601 -581 647 33
-22 635 -581 647 33
-38 620 -581 647 33
-30 622 -581 647 33
-55 647 -581 647 33
-66 691 -581 691 55
-84 663 -581 691 55
-72 679 -581 691 55
-83 641 -581 691 55
-123 616 -581 691 55
-119 615 -581 691 55
-149 627 -581 691 55
-132 623 -581 691 55
-213 600 -581 691 55
-206 634 -581 691 55
-248 608 -581 691 55
-266 599 -581 691 55
-298 580 -581 691 55
-338 548 -581 691 55
-329 571 -581 691 55
-412 552 -581 691 55
-400 532 -581 691 55
-449 517 -581 691 55
-491 477 -581 691 55
-523 458 -581 691 55
-541 437 -581 691 55
-569 436 -581 691 55
-606 373 -581 691 55
-570 326 -581 691 55
-637 310 -581 691 55
-680 299 -581 691 55
-675 272 -581 691 55
-661 218 -581 691 55
-709 206 -581 691 55
-664 153 -581 691 55
-658 128 -581 691 55
-664 114 -581 691 55
-714 54 -581 691 55
-697 37 -581 691 55
-711 24 -581 691 55
-691 -1 -581 691 55
-691 -78 -581 691 55
-703 -94 -581 691 55
-662 -118 -581 691 55
-684 -164 -581 691 55
-662 -196 -581 691 55
-684 -246 -581 691 55
-646 -270 -581 691 55
-643 -262 -581 691 55
-665 -311 -581 691 55
-619 -313 -581 691 55
-619 -381 -581 691 55
-591 -394 -581 691 55
-582 -430 -581 691 55
-518 -439 -581 691 55
-507 -484 -581 691 55
-460 -502 -581 691 55
-422 -505 -581 691 55
-430 -531 -581 691 55
-416 -563 -581 691 55
-406 -569 -581 691 55
-360 -634 -634 691 28
-347 -599 -634 691 28
-327 -629 -634 691 28
-315 -634 -634 691 28
-285 -645 -645 691 23
-218 -658 -658 691 16
-220 -673 -673 691 9
-180 -669 -673 691 9
-161 -688 -688 691 1
-141 -718 -718 691 -13
-136 -682 -718 691 -13
-83 -672 -718 691 -13
-68 -710 -718 691 -13
-48 -702 -718 691 -13
-30 -701 -718 691 -13
8 -738 -738 691 -23
2 -725 -738 691 -23
41 -679 -738 691 -23
69 -714 -738 691 -23
38 -706 -738 691 -23
92 -724 -738 691 -23
104 -746 -746 691 -27
118 -695 -746 691 -27
155 -753 -753 691 -31
155 -652 -753 691 -31
168 -699 -753 691 -31
227 -681 -753 691 -31
234 -693 -753 691 -31
240 -669 -753 691 -31
251 -633 -753 691 -31
255 -640 -753 691 -31
298 -685 -753 691 -31
289 -648 -753 691 -31
289 -652 -753 691 -31
286 -644 -753 691 -31
327 -601 -753 691 -31
345 -622 -753 691 -31
360 -609 -753 691 -31
376 -615 -753 691 -31
398 -616 -753 691 -31
400 -603 -753 691 -31
407 -595 -753 691 -31
422 -602 -753 691 -31
413 -551 -753 691 -31
430 -552 -753 691 -31
453 -518 -753 691 -31
455 -546 -753 691 -31
486 -504 -753 691 -31
492 -496 -753 691 -31
520 -492 -753 691 -31
537 -521 -753 691 -31
595 -443 -753 691 -31
582 -409 -753 691 -31
623 -388 -753 691 -31
625 -387 -753 691 -31
658 -381 -753 691 -31
662 -320 -753 691 -31
633 -361 -753 691 -31
654 -316 -753 691 -31
649 -276 -753 691 -31
666 -274 -753 691 -31
668 -280 -753 691 -31
682 -247 -753 691 -31
693 -222 -753 691 -31
670 -240 -753 691 -31
659 -183 -753 691 -31
618 -204 -753 691 -31
681 -209 -753 691 -31
673 -176 -753 691 -31
704 -157 -753 691 -31
688 -156 -753 691 -31
668 -138 -753 691 -31
691 -132 -753 691 -31
688 -83 -753 691 -31
648 -69 -753 691 -31
681 -38 -753 691 -31
671 -38 -753 691 -31
654 27 -753 691 -31
652 60 -753 691 -31
604 126 -753 691 -31
574 169 -753 691 -31
565 174 -753 691 -31
580 172 -753 691 -31
527 267 -753 691 -31
548 308 -753 691 -31
492 335 -753 691 -31
478 340 -753 691 -31
456 367 -753 691 -31
420 403 -753 691 -31
421 461 -753 691 -31
422 468 -753 691 -31
366 501 -753 691 -31
353 512 -753 691 -31
302 523 -753 691 -31
303 599 -753 691 -31
307 600 -753 691 -31
258 577 -753 691 -31
228 577 -753 691 -31
203 574 -753 691 -31
179 582 -753 691 -31
113 630 -753 691 -31
75 614 -753 691 -31
41 662 -753 691 -31
-10 642 -753 691 -31
-34 605 -753 691 -31
-40 621 -753 691 -31
-102 597 -753 691 -31
-145 556 -753 691 -31
-181 595 -753 691 -31
-248 579 -753 691 -31
-268 554 -753 691 -31
-317 535 -753 691 -31
-364 521 -753 691 -31
-374 512 -753 691 -31
-371 510 -753 691 -31
-409 481 -753 691 -31
-454 510 -753 691 -31
-436 482 -753 691 -31
-472 470 -753 691 -31
-407 507 -753 691 -31
-444 485 -753 691 -31
-446 493 -753 691 -31
-425 508 -753 691 -31
-376 525 -753 691 -31
-336 540 -753 691 -31
-295 577 -753 691 -31
-205 598 -753 691 -31
-234 613 -753 691 -31
-203 584 -753 691 -31
-192 608 -753 691 -31
-163 633 -753 691 -31
-134 601 -753 691 -31
-59 612 -753 691 -31
-30 617 -753 691 -31
6 597 -753 691 -31
50 581 -753 691 -31
127 583 -753 691 -31
136 560 -753 691 -31
157 559 -753 691 -31
227 546 -753 691 -31
258 531 -753 691 -31
302 515 -753 691 -31
322 503 -753 691 -31
360 486 -753 691 -31
390 437 -753 691 -31
417 415 -753 691 -31
444 417 -753 691 -31
478 400 -753 691 -31
488 372 -753 691 -31
492 331 -753 691 -31
505 290 -753 691 -31
533 274 -753 691 -31
521 254 -753 691 -31
561 236 -753 691 -31
538 215 -753 691 -31
579 173 -753 691 -31
585 178 -753 691 -31
563 123 -753 691 -31
609 116 -753 691 -31
623 89 -753 691 -31
608 55 -753 691 -31
613 15 -753 691 -31
593 14 -753 691 -31
586 -34 -753 691 -31
626 -52 -753 691 -31
641 -52 -753 691 -31
649 -101 -753 691 -31
594 -99 -753 691 -31
606 -103 -753 691 -31
599 -118 -753 691 -31
581 -146 -753 691 -31
578 -141 -753 691 -31
580 -196 -753 691 -31
541 -215 -753 691 -31
553 -200 -753 691 -31
536 -246 -753 691 -31
532 -251 -753 691 -31
507 -238 -753 691 -31
513 -300 -753 691 -31
494 -283 -753 691 -31
470 -317 -753 691 -31
489 -317 -753 691 -31
469 -333 -753 691 -31
451 -335 -753 691 -31
461 -359 -753 691 -31
449 -348 -753 691 -31
422 -349 -753 691 -31
400 -327 -753 691 -31
410 -402 -753 691 -31
369 -400 -753 691 -31
352 -406 -753 691 -31
373 -445 -753 691 -31
313 -443 -753 691 -31
335 -457 -753 691 -31
287 -457 -753 691 -31
297 -496 -753 691 -31
261 -519 -753 691 -31
250 -488 -753 691 -31
215 -542 -753 691 -31
207 -526 -753 691 -31
181 -524 -753 691 -31
155 -524 -753 691 -31
169 -516 -753 691 -31
158 -531 -753 691 -31
155 -544 -753 691 -31
145 -547 -753 691 -31
111 -523 -753 691 -31
110 -529 -753 691 -31
69 -578 -753 691 -31
97 -621 -753 691 -31
60 -578 -753 691 -31
46 -570 -753 691 -31
-8 -581 -753 691 -31
-3 -570 -753 691 -31
15 -577 -753 691 -31
-12 -599 -753 691 -31
-16 -555 -753 691 -31
-45 -581 -753 691 -31
17 -567 -753 691 -31
-22 -579 -753 691 -31
-48 -563 -753 691 -31
-60 -583 -753 691 -31
-41 -573 -753 691 -31
-49 -608 -753 691 -31
-80 -610 -753 691 -31
-92 -613 -753 691 -31
-111 -575 -753 691 -31
-94 -612 -753 691 -31
-92 -627 -753 691 -31
-114 -589 -753 691 -31
-142 -590 -753 691 -31
-152 -596 -753 691 -31
-174 -584 -753 691 -31
-160 -561 -753 691 -31
-153 -597 -753 691 -31
-209 -590 -753 691 -31
-192 -555 -753 691 -31
-237 -573 -753 691 -31
-224 -548 -753 691 -31
-213 -566 -753 691 -31
-233 -559 -753 691 -31
-247 -521 -753 691 -31
-234 -557 -753 691 -31
-247 -534 -753 691 -31
-301 -541 -753 691 -31
-289 -511 -753 691 -31
-322 -541 -753 691 -31
-297 -531 -753 691 -31
-300 -504 -753 691 -31
-300 -510 -753 691 -31
-300 -493 -753 691 -31
-321 -518 -753 691 -31
-318 -500 -753 691 -31
-321 -485 -753 691 -31
-335 -507 -753 691 -31
-366 -467 -753 691 -31
-313 -442 -753 691 -31
-354 -467 -753 691 -31
-368 -443 -753 691 -31
-371 -423 -753 691 -31
-383 -438 -753 691 -31
-388 -413 -753 691 -31
-441 -416 -753 691 -31
-460 -370 -753 691 -31
-442 -356 -753 691 -31
-472 -322 -753 691 -31
-464 -306 -753 691 -31
-516 -305 -753 691 -31
-493 -293 -753 691 -31
-490 -285 -753 691 -31
-488 -272 -753 691 -31
-493 -234 -753 691 -31
-512 -215 -753 691 -31
-535 -193 -753 691 -31
-577 -148 -753 691 -31
-567 -128 -753 691 -31
-567 -83 -753 691 -31
-520 -83 -753 691 -31
-541 -59 -753 691 -31
-557 -34 -753 691 -31
-542 -14 -753 691 -31
-566 7 -753 691 -31
-539 12 -753 691 -31
-532 36 -753 691 -31
-555 66 -753 691 -31
-559 83 -753 691 -31
-532 126 -753 691 -31
-535 110 -753 691 -31
-499 105 -753 691 -31
-489 151 -753 691 -31
-502 158 -753 691 -31
-492 164 -753 691 -31
-489 162 -753 691 -31
-487 195 -753 691 -31
-496 252 -753 691 -31
-466 241 -753 691 -31
-470 278 -753 691 -31
-473 306 -753 691 -31
-470 274 -753 691 -31
-450 338 -753 691 -31
-463 338 -753 691 -31
-466 320 -753 691 -31
-409 356 -753 691 -31
-407 370 -753 691 -31
-407 404 -753 691 -31
-386 366 -753 691 -31
-351 367 -753 691 -31
-376 406 -753 691 -31
-340 370 -753 691 -31
-323 430 -753 691 -31
-311 433 -753 691 -31
-308 415 -753 691 -31
-312 438 -753 691 -31
-238 436 -753 691 -31
-261 431 -753 691 -31
-233 407 -753 691 -31
-252 428 -753 691 -31
-218 466 -753 691 -31
-226 468 -753 691 -31
-188 493 -753 691 -31
-177 448 -753 691 -31
-192 463 -753 691 -31
-142 472 -753 691 -31
-101 489 -753 691 -31
-101 495 -753 691 -31
-31 481 -753 691 -31
-26 484 -753 691 -31
-5 467 -753 691 -31
39 503 -753 691 -31
35 476 -753 691 -31
65 479 -753 691 -31
97 456 -753 691 -31
118 457 -753 691 -31
161 429 -753 691 -31
177 436 -753 691 -31
204 401 -753 691 -31
193 416 -753 691 -31
257 367 -753 691 -31
237 416 -753 691 -31
250 375 -753 691 -31
262 348 -753 691 -31
266 366 -753 691 -31
288 372 -753 691 -31
315 326 -753 691 -31
307 330 -753 691 -31
326 312 -753 691 -31
342 315 -753 691 -31
374 268 -753 691 -31
366 264 -753 691 -31
409 249 -753 691 -31
424 197 -753 691 -31
426 183 -753 691 -31
401 214 -753 691 -31
417 172 -753 691 -31
430 159 -753 691 -31
418 169 -753 691 -31
443 135 -753 691 -31
446 137 -753 691 -31
457 99 -753 691 -31
453 116 -753 691 -31
472 116 -753 691 -31
476 145 -753 691 -31
507 75 -753 691 -31
493 68 -753 691 -31
506 61 -753 691 -31
505 49 -753 691 -31
486 20 -753 691 -31
478 43 -753 691 -31
509 15 -753 691 -31
472 12 -753 691 -31
495 6 -753 691 -31
492 -29 -753 691 -31
515 21 -753 691 -31
487 3 -753 691 -31
500 -39 -753 691 -31
491 -17 -753 691 -31
509 -33 -753 691 -31
527 -27 -753 691 -31
485 -52 -753 691 -31
468 -42 -753 691 -31
469 -50 -753 691 -31
499 -88 -753 691 -31
471 -83 -753 691 -31
497 -95 -753 691 -31
527 -101 -753 691 -31
508 -72 -753 691 -31
486 -73 -753 691 -31
469 -91 -753 691 -31
474 -122 -753 691 -31
454 -73 -753 691 -31
450 -124 -753 691 -31
467 -141 -753 691 -31
483 -173 -753 691 -31
495 -163 -753 691 -31
477 -191 -753 691 -31
445 -201 -753 691 -31
477 -189 -753 691 -31
465 -190 -753 691 -31
461 -230 -753 691 -31
457 -231 -753 691 -31
427 -256 -753 691 -31
426 -263 -753 691 -31
409 -279 -753 691 -31
369 -260 -753 691 -31
396 -289 -753 691 -31
394 -269 -753 691 -31
448 -278 -753 691 -31
423 -284 -753 691 -31
414 -276 -753 691 -31
414 -280 -753 691 -31
404 -282 -753 691 -31
428 -272 -753 691 -31
417 -260 -753 691 -31
410 -293 -753 691 -31
403 -307 -753 691 -31
406 -288 -753 691 -31
396 -321 -753 691 -31
397 -299 -753 691 -31
413 -286 -753 691 -31
435 -326 -753 691 -31
398 -325 -753 691 -31
414 -320 -753 691 -31
465 -289 -753 691 -31
440 -268 -753 691 -31
454 -267 -753 691 -31
427 -237 -753 691 -31
474 -200 -753 691 -31
466 -247 -753 691 -31
472 -207 -753 691 -31
493 -219 -753 691 -31
475 -193 -753 691 -31
475 -213 -753 691 -31
496 -182 -753 691 -31
484 -170 -753 691 -31
483 -107 -753 691 -31
491 -115 -753 691 -31
495 -105 -753 691 -31
487 -85 -753 691 -31
507 -77 -753 691 -31
516 -19 -753 691 -31
515 -10 -753 691 -31
486 8 -753 691 -31
476 36 -753 691 -31
475 33 -753 691 -31
434 22 -753 691 -31
437 68 -753 691 -31
476 93 -753 691 -31
420 129 -753 691 -31
440 146 -753 691 -31
428 182 -753 691 -31
404 167 -753 691 -31
416 214 -753 691 -31
410 257 -753 691 -31
382 258 -753 691 -31
399 225 -753 691 -31
376 247 -753 691 -31
371 242 -753 691 -31
359 255 -753 691 -31
289 277 -753 691 -31
337 295 -753 691 -31
310 313 -753 691 -31
270 300 -753 691 -31
272 322 -753 691 -31
237 326 -753 691 -31
228 349 -753 691 -31
264 345 -753 691 -31
229 366 -753 691 -31
197 354 -753 691 -31
180 351 -753 691 -31
163 363 -753 691 -31
183 407 -753 691 -31
153 414 -753 691 -31
149 426 -753 691 -31
136 386 -753 691 -31
87 420 -753 691 -31
127 446 -753 691 -31
98 418 -753 691 -31
60 446 -753 691 -31
47 459 -753 691 -31
56 453 -753 691 -31
58 414 -753 691 -31
-7 449 -753 691 -31
-2 470 -753 691 -31
-40 437 -753 691 -31
-50 455 -753 691 -31
-64 464 -753 691 -31
-65 473 -753 691 -31
-60 459 -753 691 -31
-99 464 -753 691 -31
-123 469 -753 691 -31
-156 441 -753 691 -31
-169 421 -753 691 -31
-211 445 -753 691 -31
-196 419 -753 691 -31
-185 417 -753 691 -31
-265 392 -753 691 -31
-265 381 -753 691 -31
-259 413 -753 691 -31
-282 416 -753 691 -31
-334 394 -753 691 -31
-297 416 -753 691 -31
-299 400 -753 691 -31
-285 364 -753 691 -31
-318 366 -753 691 -31
-359 369 -753 691 -31
-385 381 -753 691 -31
-355 366 -753 691 -31
-374 360 -753 691 -31
-371 336 -753 691 -31
-427 317 -753 691 -31
-425 293 -753 691 -31
-422 290 -753 691 -31
-414 511 -753 691 -31
-403 260 -753 691 -31
-436 276 -753 691 -31
-425 236 -753 691 -31
-420 252 -753 691 -31
-429 233 -753 691 -31
-448 199 -753 691 -31
-438 200 -753 691 -31
-452 204 -753 691 -31
-472 157 -753 691 -31
-476 121 -753 691 -31
-520 155 -753 691 -31
-465 170 -753 691 -31
-524 137 -753 691 -31
-480 110 -753 691 -31
-513 94 -753 691 -31
-513 111 -753 691 -31
-510 73 -753 691 -31
-500 37 -753 691 -31
-532 7 -753 691 -31
-514 -3 -753 691 -31
-523 -52 -753 691 -31
-496 -45 -753 691 -31
-463 -60 -753 691 -31
-451 -80 -753 691 -31
-503 -118 -753 691 -31
-485 -84 -753 691 -31
-461 -149 -753 691 -31
-474 -159 -753 691 -31
-477 -148 -753 691 -31
-469 -174 -753 691 -31
-459 -230 -753 691 -31
-474 -197 -753 691 -31
-453 -237 -753 691 -31
-486 -279 -753 691 -31
-477 -279 -753 691 -31
-487 -280 -753 691 -31
-449 -299 -753 691 -31
-418 -295 -753 691 -31
-454 -321 -753 691 -31
-406 -285 -753 691 -31
-411 -339 -753 691 -31
-403 -343 -753 691 -31
-448 -357 -753 691 -31
-409 -338 -753 691 -31
-391 -331 -753 691 -31
-420 -352 -753 691 -31
-397 -329 -753 691 -31
-447 -326 -753 691 -31
-461 -347 -753 691 -31
-424 -318 -753 691 -31
-465 -313 -753 691 -31
-436 -329 -753 691 -31
-466 -312 -753 691 -31
-455 -321 -753 691 -31
-472 -333 -753 691 -31
-441 -344 -753 691 -31
-472 -335 -753 691 -31
-436 -341 -753 691 -31
-452 -301 -753 691 -31
-452 -321 -753 691 -31
-452 -291 -753 691 -31
-458 -299 -753 691 -31
-423 -280 -753 691 -31
-454 -288 -753 691 -31
-443 -296 -753 691 -31
-454 -300 -753 691 -31
-447 -272 -753 691 -31
-451 -315 -753 691 -31
-447 -298 -753 691 -31
-471 -283 -753 691 -31
-504 -307 -753 691 -31
-449 -311 -753 691 -31
-460 -321 -753 691 -31
-470 -278 -753 691 -31
-464 -288 -753 691 -31
-476 -314 -753 691 -31
-452 -297 -753 691 -31
-450 -306 -753 691 -31
-463 -281 -753 691 -31
-473 -307 -753 691 -31
-454 -321 -753 691 -31
