-0.18 -0.67
-0.07 -0.58
0.0 -0.57
0.01 -0.7
0.14 -0.7
0.05 -0.68
0.15 -0.6
-0.12 -0.68
-0.1 -0.59
0.0 -0.56
0.02 -0.72
-0.07 -0.7
0.05 -0.62
0.14 -0.68
-0.04 -0.67
-0.12 -0.6
0.01 -0.52
0.03 -0.66
0.01 -0.59
0.03 -0.79
-0.04 -0.63
0.07 -0.82
-0.88 -0.59
0.03 -0.58
-0.04 -0.68
-0.07 -0.61
-0.08 -0.62
-0.07 -0.65
0.02 -0.67
-0.01 -0.72
0.07 -0.49
0.07 -0.69
0.09 -0.63
0.08 -0.64
0.0 -0.66
-0.0 -0.57
-0.01 -0.59
0.04 -0.74
0.13 -0.58
0.19 -0.48
-0.4 -2.68
0.06 -0.6
-0.05 -0.53
-0.02 -0.58
0.11 -0.63
0.08 -0.57
0.07 -0.65
-0.08 -0.63
0.16 -0.64
0.07 -0.69
-0.03 -0.66
0.07 -0.65
0.08 -0.75
-0.01 -0.5
-0.0 -0.57
-0.05 -0.76
0.06 -0.55
0.01 -0.67
0.03 -0.65
0.04 -0.69
0.1 -0.64
0.13 -0.6
-0.0 -0.65
0.12 -0.71
0.12 -0.65
0.0 -0.66
0.09 -0.61
-0.01 -0.34
-0.03 -0.75
0.08 -0.68
0.02 -0.61
0.26 -0.83
0.11 -0.6
0.04 -0.64
0.04 -0.61
0.08 -0.68
0.05 -0.65
-0.07 -0.73
0.07 -0.71
-0.05 -0.64
0.09 -0.7
0.1 -0.71
0.12 -0.61
0.07 -0.7
0.0 -0.69
0.04 -0.61
-0.04 -0.63
0.15 -0.61
0.07 -0.62
0.16 -0.67
-0.08 -0.63
-0.01 -0.67
0.11 -0.62
0.1 -0.63
0.06 -0.63
0.03 -0.52
-0.9 -0.76
0.07 -0.7
0.15 -0.65
-0.03 -0.6
0.92 -0.69
0.02 -0.64
0.24 -0.6
-0.05 -0.71
0.09 -0.55
0.01 -0.55
0.18 -0.65
-0.08 -0.74
0.03 -0.6
0.04 -0.72
-0.01 -0.79
-0.07 -0.71
0.04 -0.7
0.01 -0.73
-0.16 -0.61
0.02 -0.57
0.03 -0.67
0.11 -0.66
0.08 -0.81
0.02 -0.84
0.05 -0.63
-0.03 -0.58
0.08 -0.82
0.02 -0.3
-0.01 -0.66
-0.27 -0.61
0.28 -0.79
-0.11 -0.68
0.19 -0.83
-0.06 -0.71
-0.03 -0.55
-0.01 -0.63
0.03 -0.71
0.12 -0.56
0.07 -0.66
0.15 -0.75
-0.06 -0.62
0.1 -0.54
-0.04 -0.6
-0.02 -0.62
0.1 -0.67
0.04 -0.75
0.9 -0.54
0.1 -0.79
0.04 -0.69
-0.05 -0.59
0.94 -0.62
-0.03 -0.64
-0.03 -0.6
0.1 -0.64
0.11 -0.58
0.06 -0.64
0.05 -0.64
0.04 -0.64
-0.0 -0.73
-0.03 -0.74
0.12 -0.54
0.05 -0.74
0.08 -0.75
0.11 -0.67
0.04 -0.67
0.16 -0.71
0.03 -0.63
0.1 -0.7
0.04 -0.6
0.07 -0.49
0.14 -0.6
-0.01 -0.61
-0.11 -0.62
0.06 -0.55
0.14 -0.67
0.04 -0.59
0.04 -0.56
0.12 -0.6
0.02 -0.6
0.01 -0.69
0.1 -0.81
0.08 -0.58
-0.01 -0.64
0.1 -0.67
-0.08 -0.62
0.09 -0.73
0.05 -0.75
0.06 -0.58
0.04 -0.68
0.08 -0.59
0.11 -0.64
-0.06 -0.82
0.05 -0.66
-0.0 -0.61
0.11 -0.76
0.07 -0.59
-0.04 -0.63
0.03 -0.6
0.94 -0.76
-0.8 -0.66
0.01 -0.55
0.12 -0.52
0.18 -0.64
0.09 -0.69
0.06 -0.71
-0.11 -0.7
-0.08 -0.66
-0.02 -0.67
-0.03 -0.73
0.15 -0.75
0.02 -0.89
0.05 -0.58
0.11 -0.55
0.07 -0.71
0.0 -0.7
0.09 -0.64
0.09 -0.75
0.0 -0.54
-0.01 -0.61
0.1 -0.72
0.02 -0.54
-0.06 -0.59
0.0 -0.6
0.04 -0.57
0.07 -0.65
-0.03 -0.66
-0.11 -0.64
0.03 -0.77
-0.08 -0.58
0.01 -0.69
0.03 -0.69
-0.02 -0.56
-0.04 -0.64
0.01 -0.57
0.03 -0.61
0.07 -0.55
0.01 -0.45
0.05 -0.55
-0.06 -0.57
-0.03 -0.73
0.02 -0.71
0.04 -0.65
0.01 -0.67
0.07 -0.65
0.05 -0.69
0.11 -0.52
0.01 -0.64
-0.01 -0.69
0.09 -0.63
0.06 -0.63
0.01 -0.66
-0.02 -0.56
-0.04 -0.62
-0.89 -0.8
0.01 -0.62
0.08 -0.82
-0.93 -0.74
-0.06 -0.63
0.07 -0.67
0.04 -0.61
0.17 -0.61
0.04 -0.63
-0.03 -0.75
0.09 -0.6
0.01 -0.77
0.13 -0.65
0.08 -0.76
-0.04 -0.69
0.12 -0.72
0.01 -0.67
-0.01 -0.72
0.1 -0.73
0.05 -0.7
-0.0 -0.73
0.08 -0.66
-0.09 -0.61
0.1 -0.7
0.0 -0.61
0.1 -0.68
-0.05 -0.54
-0.09 -0.57
0.11 -0.66
-0.03 -0.7
-0.02 -0.72
0.05 -0.67
-0.01 -0.64
0.08 -0.63
0.02 -0.82
0.03 -0.57
0.1 -0.63
0.03 -0.73
-0.02 -0.68
0.11 -0.77
0.07 -0.67
0.09 -0.65
-0.05 -0.53
0.14 -0.66
0.08 -0.64
0.07 -0.69
-0.04 -0.71
-0.77 -0.69
0.03 -0.49
0.05 -0.59
-0.91 -0.59
0.03 -0.56
-0.02 -0.64
-0.05 -0.79
0.03 -0.74
-0.01 -0.58
0.02 -0.64
0.06 -0.68
-0.0 -0.56
-0.07 -0.71
0.02 -0.63
0.07 -0.71
0.03 -0.63
0.04 -0.73
-0.06 -0.62
-0.03 -0.71
0.13 -0.68
-0.04 -0.64
-0.05 -0.8
-0.08 -0.73
0.01 -0.72
0.01 -0.82
-0.05 -0.54
0.16 -0.62
0.08 -0.63
-0.03 -0.54
0.1 -0.65
0.01 -0.77
-0.01 -0.56
0.08 -0.69
-0.02 -0.63
-0.02 -0.65
0.03 -0.78
0.01 -0.62
0.03 -0.5
0.06 -0.67
-0.04 -0.59
0.03 -0.68
0.93 -0.77
-0.93 -0.65
0.05 -0.67
-0.11 -0.74
0.07 -0.77
-0.1 -0.67
0.05 -0.64
-0.01 -0.64
0.09 -0.67
0.03 -0.62
0.18 -0.67
-0.06 -0.64
0.02 -0.65
0.1 -0.57
0.07 -0.58
0.01 -0.59
0.08 -0.71
-2.86 -2.31
0.93 -0.42
0.32 -0.09
0.44 0.99
1.9 -1.33
0.94 -0.23
0.16 -0.7
-1.49 -0.81
2.36 -1.14
-0.22 1.81
-1.15 -0.96
0.43 -1.55
-1.25 -0.51
-3.89 -2.52
0.74 -0.48
-0.5 -0.91
0.21 -0.33
0.04 -0.02
0.65 -0.84
-2.45 -2.25
2.4 -1.18
0.51 -4.94
1.81 -1.76
-2.93 -0.27
0.02 0.07
3.56 -0.27
2.09 -1.2
1.66 -0.52
-1.57 -1.17
-1.12 0.11
0.13 -6.62
6.09 -5.3
-19.2 13.4
11.61 -7.67
6.02 10.78
-0.81 -5.91
-0.14 -1.61
5.82 0.62
-5.19 -9.2
0.57 -3.31
10.51 12.88
26.06 7.95
-1.15 1.48
-3.64 -0.44
-7.02 -1.47
-8.42 -3.99
7.09 2.97
15.63 0.56
1.47 -2.98
-4.97 -3.47
-1.57 -3.12
-0.61 -2.69
8.05 -0.36
-4.19 -3.42
7.87 -7.77
-4.87 -4.06
1.71 -0.79
2.24 -0.66
1.04 -0.61
0.87 -1.27
-0.09 -1.67
1.3 -0.45
-1.22 0.61
0.4 -0.19
-0.46 -1.93
0.78 -1.3
0.84 -1.19
0.65 -1.31
0.69 -1.2
0.71 -1.38
0.68 -1.88
5.15 0.8
1.13 -0.16
0.65 -0.91
-7.77 4.45
1.79 8.76
-2.78 -7.46
1.32 -0.1
1.24 -0.7
0.83 4.58
1.09 -1.06
0.34 -1.79
0.53 -0.94
0.92 -8.33
0.54 -3.64
1.02 -0.5
0.08 -0.94
0.06 -0.91
0.32 -1.52
0.12 -0.64
0.28 -1.29
0.32 -0.66
2.03 -0.04
0.49 -1.99
0.91 -0.96
0.47 2.39
0.88 -4.35
1.17 -0.03
2.22 0.3
1.77 -1.07
1.9 5.31
10.66 1.18
-1.09 -2.02
1.13 -1.64
1.21 0.7
-2.0 -0.84
-42.04 15.19
31.04 -0.8
-1.16 -2.77
5.06 -2.62
1.69 0.06
0.12 -1.04
0.18 1.87
0.77 0.03
0.7 -0.76
0.24 -2.77
4.54 0.07
-0.91 0.46
0.73 1.29
2.55 -2.44
-5.76 5.47
-2.33 -4.93
3.31 -3.04
-0.06 -2.31
0.59 1.39
1.11 -0.25
8.35 -0.42
-0.18 0.18
-0.64 -4.83
0.61 -0.69
0.19 -0.11
0.82 -1.78
1.05 -0.35
0.66 -0.67
0.44 -0.79
0.78 -0.45
0.77 -1.16
1.46 -0.12
-1.7 -0.23
0.9 0.12
0.45 -1.77
-10.32 -0.42
-2.2 -6.18
1.88 0.09
9.53 6.41
-1.02 -2.47
-0.28 -3.0
27.37 1.46
-12.59 7.39
11.14 14.48
-0.66 -7.71
18.2 21.73
16.5 -3.9
-2.69 -7.45
7.62 -1.65
-3.84 -0.64
4.85 -2.22
-3.22 2.6
4.12 -16.95
-7.76 1.46
3.61 -3.76
-6.36 6.36
4.56 2.92
3.49 4.2
-2.08 -6.39
-14.09 5.36
10.73 3.69
-6.37 2.62
-8.35 1.02
3.74 -16.75
-11.97 -2.94
-9.15 3.16
-8.03 -9.93
7.16 6.55
-0.33 9.82
0.44 -2.39
0.06 -1.43
4.64 0.49
-1.25 1.52
5.52 -2.87
-1.32 6.75
6.88 -2.92
-6.22 29.86
7.34 11.77
28.32 25.44
-0.48 4.76
13.55 -2.87
-3.39 -6.5
-7.01 -12.96
-28.38 -16.64
-5.75 -3.48
6.88 1.91
8.33 -2.75
13.46 9.97
16.78 10.02
-5.6 -6.14
0.88 -11.15
-4.28 -11.35
2.65 -0.1
-0.03 1.8
-0.55 -1.7
0.26 -0.84
0.16 -0.83
-0.63 3.66
14.9 10.38
1.95 -0.53
-0.31 -1.53
-0.86 -0.53
-0.06 -0.42
-0.23 -0.89
0.01 -0.91
-0.08 -0.67
-0.02 -0.66
-0.28 -0.61
-0.04 -0.71
-0.09 -0.65
-0.19 -0.62
-0.13 -0.69
-0.11 -0.62
-0.25 -0.74
-0.22 -0.67
-0.05 -0.6
-0.03 -0.68
-0.03 -0.69
-0.11 -0.78
-0.15 -0.7
-0.04 -0.65
-0.13 -0.62
-0.23 -0.63
0.03 -0.69
-0.19 -0.65
-0.07 -0.68
-0.1 -0.74
-0.01 -0.75
-0.04 -0.81
-0.08 -0.61
-0.06 -0.73
-0.08 -0.74
-0.05 -0.67
-0.19 -0.67
-0.13 -0.65
-0.26 -0.7
-0.28 -0.55
-0.16 -0.74
-0.1 -0.58
-0.09 -0.69
-0.14 -0.58
-0.03 -0.62
-0.15 -0.55
-0.11 -0.6
-0.14 -0.73
-0.08 -0.72
-0.09 -0.62
-0.06 -0.57
-0.01 -0.68
0.01 -0.54
0.17 -0.52
-0.03 -0.59
0.53 -0.86
-2.23 -5.83
5.49 5.85
-0.7 0.06
-9.11 -12.38
9.46 -5.32
-6.08 -7.92
19.06 12.08
-1.59 -5.91
-5.14 -0.53
-1.33 0.54
0.17 -2.44
-0.04 -0.7
0.13 -0.49
-0.03 -0.77
-0.1 -0.81
0.09 -0.58
0.05 -0.83
0.01 -0.7
0.09 -0.93
-0.03 -0.88
-0.04 -0.58
-0.04 -0.84
-0.29 -0.74
-0.02 -0.77
-0.03 -0.84
0.01 -0.84
0.02 -0.74
0.18 -0.59
0.24 -0.15
0.0 -1.66
0.02 -2.14
-1.61 -4.11
0.29 -1.06
-9.92 -6.53
2.34 -0.16
0.23 -6.5
-1.21 -3.13
-0.6 6.31
-2.16 -0.02
0.44 5.14
-0.16 -0.6
-1.65 1.29
-2.37 -2.65
2.09 3.68
3.6 -2.04
-3.95 -1.59
2.58 1.94
6.33 0.41
-7.4 -2.09
-1.85 -2.14
-12.14 -2.63
6.32 1.45
0.21 -2.03
0.86 -0.88
-0.84 -12.08
4.03 1.87
0.82 -0.07
0.55 2.18
-1.32 -4.52
0.39 0.49
0.84 3.37
-0.72 -5.37
-1.18 -0.17
-0.54 -11.48
-5.06 8.49
-1.17 -1.45
5.34 2.01
0.28 5.59
-0.71 0.3
4.34 -0.31
-0.69 5.13
-0.77 6.85
1.76 -1.03
1.87 0.32
-5.03 1.1
-1.58 -7.74
-13.23 -6.04
16.59 0.07
1.77 -4.48
-4.75 12.12
4.01 2.28
-7.65 -4.36
-3.06 0.19
1.18 1.15
-0.46 -1.27
2.64 6.38
1.94 4.38
1.11 1.06
-0.12 -1.62
0.41 -0.07
0.86 0.58
-0.36 -1.35
0.03 -1.94
-0.33 -2.87
-7.85 -5.69
-2.01 -3.37
-2.88 4.46
1.74 -6.18
7.16 4.72
7.82 2.07
-2.56 3.18
5.72 10.57
-1.23 -2.1
0.62 5.97
0.15 -1.29
0.7 1.9
1.6 2.06
-0.34 -1.62
0.05 -1.11
0.62 0.74
0.58 0.47
0.2 -0.25
0.2 -0.07
0.3 0.09
0.22 -0.09
0.3 -0.07
0.29 -0.07
0.2 -0.01
0.42 -0.05
0.43 0.09
0.23 -0.15
0.25 -0.03
0.34 -0.01
0.35 -0.03
0.41 -0.0
0.34 0.03
0.28 0.01
0.23 -0.11
0.36 -0.05
0.29 -0.14
0.41 -0.01
0.19 -0.09
0.21 0.16
0.33 0.02
0.34 0.01
0.49 0.92
0.27 -0.09
0.39 -0.05
0.41 -0.02
0.19 -0.1
0.43 -0.93
0.6 0.16
0.24 -0.04
0.92 0.23
-0.22 0.1
0.25 0.7
-0.69 0.88
6.22 -0.45
12.7 9.54
4.47 1.03
-2.34 -0.08
-2.96 -5.88
8.95 -1.7
-0.52 -4.61
-26.6 2.06
0.04 1.73
6.04 -6.83
-2.89 0.01
5.09 0.77
0.18 -4.33
0.05 1.54
0.1 -0.82
0.08 -0.07
0.27 -0.0
0.19 -0.09
0.13 -0.15
0.35 -0.08
-0.04 -0.22
0.23 -0.09
0.41 -0.42
0.18 -0.11
0.22 -0.42
0.04 -0.08
-3.18 7.84
-0.14 -0.95
3.9 1.79
0.17 -0.18
-0.14 0.09
0.24 -0.36
0.05 -0.57
0.05 -2.89
0.14 -0.47
-0.04 -0.54
0.01 -0.47
-0.0 -0.47
0.06 -0.43
0.29 -0.44
0.0 -0.08
0.12 -0.12
0.02 -0.04
0.08 -0.09
0.01 0.07
0.16 -0.06
0.03 0.05
0.01 0.13
0.04 0.14
0.14 0.19
0.07 0.12
0.02 -0.04
0.21 0.02
0.08 0.01
0.08 -0.12
0.19 -0.08
0.19 -2.53
1.91 -3.42
-1.19 2.75
0.32 -1.91
-11.98 -9.1
-19.01 1.85
-9.48 -1.68
9.92 9.38
1.62 0.69
42.71 -62.62
8.56 3.29
2.34 -1.9
5.22 5.92
3.34 9.44
4.33 1.5
0.93 -5.82
1.2 3.57
3.78 2.16
-0.11 0.43
0.76 0.83
0.21 0.31
0.08 -0.18
0.35 -0.81
-5.92 3.11
-0.73 -2.56
1.96 6.22
1.94 5.1
-0.4 2.81
-0.74 8.24
0.16 -3.91
-0.16 1.07
0.1 0.17
0.77 0.06
0.67 0.29
0.13 0.7
0.63 1.62
-0.22 -0.46
-0.69 -7.26
-0.57 -0.35
-1.78 4.79
0.9 -0.75
1.09 0.14
4.21 -0.2
1.93 -5.68
0.39 0.44
8.59 -1.26
3.56 -2.85
2.23 -3.07
4.24 -19.54
-2.69 10.43
8.25 -0.93
-1.79 -3.06
3.07 -0.84
5.0 -0.69
5.85 -2.32
10.21 1.29
6.79 10.77
3.48 8.38
-6.58 7.11
-19.73 6.05
4.21 -5.56
0.85 -1.67
0.15 7.34
6.49 -0.42
19.2 17.63
32.65 -19.1
-4.78 4.49
18.89 -9.6
0.54 -1.01
5.26 -2.03
-8.01 2.05
-8.88 2.68
9.27 8.3
0.94 11.02
-2.05 -2.58
3.49 1.79
0.95 2.73
0.34 0.23
0.59 -0.66
0.84 0.25
0.37 -0.18
13.88 -7.84
3.7 3.88
0.67 -1.97
7.16 -5.04
2.23 3.13
0.23 4.07
4.3 4.13
1.63 -8.46
17.9 -10.37
-2.05 -12.05
-6.94 0.75
-3.22 1.17
-5.86 -11.41
-1.52 -0.98
-0.59 -5.64
-1.59 -0.84
1.69 -3.9
1.68 -7.4
3.55 -1.58
-5.48 -11.99
1.73 -1.21
-1.82 -0.2
-4.35 31.24
2.5 -1.47
2.42 4.98
4.28 1.2
0.83 -8.23
-47.6 4.64
0.5 4.54
0.69 1.37
3.05 -8.61
-25.75 3.36
1.0 -13.26
-5.45 -7.41
9.27 13.85
0.81 5.4
-1.44 7.23
1.66 2.01
-17.0 -2.2
-25.58 -2.05
3.28 5.66
6.95 -10.63
16.59 14.02
3.66 -6.12
8.65 20.8
-1.43 -7.53
-7.84 2.69
-27.13 -2.35
-0.93 21.05
4.74 8.2
2.24 -1.31
-0.96 4.32
3.54 2.3
-0.91 3.89
-1.59 -1.86
-1.1 0.48
1.13 0.5
1.05 0.32
0.89 0.33
0.9 0.44
1.06 0.49
1.32 0.08
10.0 3.51
-7.46 7.07
-1.89 9.21
0.84 0.34
0.62 0.75
1.05 0.31
0.88 0.29
1.24 0.25
1.19 0.87
0.8 -0.07
0.92 0.4
1.02 0.41
0.84 0.35
0.8 0.24
0.89 0.02
0.75 0.24
0.92 0.39
0.96 0.33
1.0 0.37
0.98 0.29
0.85 0.33
0.91 0.44
0.73 0.29
1.04 0.24
0.86 0.31
0.94 0.3
0.85 0.48
0.91 0.29
1.08 0.32
0.9 0.13
0.76 0.38
0.91 0.3
0.87 0.3
0.91 0.41
0.95 0.35
1.05 0.37
0.9 0.49
0.93 0.24
0.86 0.26
0.8 0.37
1.04 0.2
0.96 0.32
0.99 0.31
0.87 0.3
0.85 0.21
0.91 0.39
1.0 0.34
0.9 0.25
0.83 0.24
1.04 0.37
1.0 0.28
1.0 0.24
0.88 0.35
0.95 0.39
0.74 0.28
0.89 0.42
0.93 0.31
0.78 0.45
0.97 0.3
0.85 0.31
0.85 0.24
1.01 0.37
1.02 0.38
0.91 0.27
0.9 0.37
0.95 0.34
0.95 0.15
0.92 0.34
1.7 0.21
0.86 0.38
0.92 0.44
0.89 0.35
0.95 0.46
0.93 0.35
1.05 0.5
0.92 0.23
1.02 0.33
1.76 0.35
1.79 0.32
0.01 0.3
0.9 0.4
0.91 0.35
0.9 0.39
0.8 0.47
1.07 0.41
0.97 0.31
1.08 0.34
0.8 0.34
0.83 0.36
0.8 0.35
0.86 0.3
0.96 0.34
0.8 0.39
0.95 0.3
0.97 0.41
0.96 0.36
0.6 0.95
0.62 2.17
-0.06 0.03
0.25 0.05
1.37 0.43
-0.37 0.52
0.54 1.16
1.92 1.17
0.04 -0.32
0.8 0.71
0.79 0.52
0.86 0.65
0.92 0.71
0.82 0.62
-29.23 -21.62
0.49 0.79
0.83 0.6
0.84 0.45
0.94 0.42
0.94 0.38
0.86 0.18
0.89 0.34
0.87 0.27
0.87 0.18
0.96 0.34
0.86 0.39
0.78 0.26
0.88 0.29
0.88 0.21
0.93 0.28
0.98 0.33
0.92 0.25
0.88 0.25
1.02 0.14
0.83 0.29
0.85 0.28
0.05 0.32
1.78 0.23
1.83 0.34
0.93 0.33
0.96 0.27
1.8 0.24
0.92 0.21
1.86 0.24
1.86 0.24
1.85 0.2
1.02 0.11
1.02 0.19
0.07 0.25
1.28 1.07
0.8 0.01
0.25 -0.32
3.6 3.62
1.71 3.15
0.22 -2.33
-6.0 13.75
4.53 -11.02
-9.04 -5.45
-0.91 -13.27
36.23 -4.79
-1.99 -29.0
33.94 15.25
21.16 17.66
2.07 9.65
-6.45 -3.75
-13.78 -20.92
0.66 -4.4
-7.47 -1.1
11.86 -3.13
6.0 -0.55
-10.92 6.13
-0.71 -1.63
1.76 0.96
1.48 0.39
0.89 0.44
1.28 -0.45
1.59 3.59
0.53 -0.67
0.15 -0.5
0.62 0.17
0.36 0.03
0.74 0.06
0.6 0.02
1.78 0.16
-4.77 -2.94
1.75 2.46
0.73 0.07
0.09 -0.12
0.57 1.54
0.68 0.26
0.55 -0.0
0.54 0.08
2.16 -1.76
1.64 -1.84
1.65 0.74
1.93 2.19
9.71 -3.16
-1.12 3.32
0.43 0.21
1.58 -2.02
1.33 -0.23
1.46 1.74
3.15 -1.9
0.4 0.38
0.16 1.71
1.83 7.62
-1.25 -1.67
-0.54 -1.54
0.03 -0.11
-0.04 -0.36
0.58 0.49
0.47 -0.95
-0.14 1.93
0.31 1.14
-0.76 -1.3
0.55 0.18
3.45 0.97
-0.16 3.79
-1.24 -0.44
0.08 0.64
1.22 0.13
1.25 0.38
-6.32 -3.57
1.65 -2.77
1.12 7.66
1.37 0.09
0.54 0.33
5.37 3.85
4.24 1.1
-0.78 -1.64
3.6 1.85
-1.49 2.13
-2.53 -0.48
0.67 1.12
-2.45 -1.24
2.58 -1.19
0.85 1.52
-26.39 10.28
2.37 -1.61
1.57 1.73
0.08 -1.77
1.69 2.21
0.89 -0.57
2.7 -0.22
2.16 -0.67
0.77 -0.17
0.97 -0.1
0.84 -0.05
-0.06 0.26
0.86 0.48
2.61 -0.46
0.65 0.03
0.64 0.17
0.99 0.07
0.92 0.19
1.17 0.45
1.84 -0.89
8.64 -0.73
1.74 2.09
-0.48 0.57
1.31 0.72
0.51 -0.53
0.81 -0.55
0.1 -2.05
-0.15 -2.19
1.47 0.41
0.58 -0.7
-2.68 -1.4
0.95 -0.43
1.74 3.41
2.62 -2.14
1.9 1.3
0.77 -2.15
1.95 -0.55
1.8 0.13
1.59 0.51
2.88 0.53
2.4 -0.69
1.65 -0.52
1.53 -4.96
-0.44 -6.28
-2.88 1.46
-0.28 -3.46
1.15 -0.98
3.49 2.59
0.81 1.81
4.73 -2.12
-0.09 0.27
-0.11 1.58
-0.65 3.42
-1.01 3.57
-3.74 -1.0
0.89 -4.95
4.63 1.93
1.17 -0.3
0.73 0.24
0.63 0.72
-1.39 0.06
1.4 0.34
0.58 0.27
0.84 0.22
0.24 0.24
1.52 0.3
1.41 -0.01
1.56 0.14
0.42 0.24
2.31 -0.17
0.44 1.05
0.73 1.03
2.19 -1.96
1.05 0.9
-0.03 2.31
0.48 1.31
0.92 -0.71
1.68 0.04
1.73 -0.11
1.94 -0.39
1.64 -0.1
2.63 -0.12
2.27 -0.5
3.52 0.24
5.58 -0.22
6.54 -0.05
9.38 -1.03
11.63 -0.86
11.43 -0.52
12.68 -0.8
14.13 -0.56
14.8 -0.74
15.63 -1.15
16.26 -1.2
16.44 -0.76
17.04 -1.07
18.26 -1.36
18.84 -4.05
18.69 -1.31
19.37 -1.08
21.0 -0.69
20.39 -1.03
20.99 -1.37
22.48 -1.19
23.09 -1.22
23.44 -1.33
24.23 -2.32
25.62 -0.56
25.42 -1.38
24.38 -7.67
28.23 -1.17
29.76 -1.08
28.86 -0.05
31.52 -2.14
31.3 0.12
31.99 -0.15
30.69 -0.09
36.34 1.7
34.48 -0.04
34.46 -0.47
33.6 0.41
33.87 -0.07
33.54 -0.33
31.32 -0.66
29.92 -0.1
26.08 0.07
26.45 0.06
24.16 -0.4
20.11 1.48
19.38 1.67
16.34 1.31
15.09 1.3
12.15 -0.4
12.74 3.1
6.46 -3.89
6.09 0.11
3.68 0.07
3.58 0.3
2.09 0.62
1.75 1.17
1.2 0.54
0.13 -0.25
0.65 0.27
0.6 0.58
0.53 0.69
0.8 0.59
0.4 0.13
0.47 0.23
0.68 0.26
0.55 0.16
0.71 0.29
0.66 0.19
0.59 0.18
0.78 0.25
-0.43 -0.96
1.22 1.38
0.77 -0.04
0.36 -1.24
1.21 0.84
0.63 0.53
0.55 0.18
0.01 -6.93
0.84 4.59
0.63 0.93
0.4 0.62
6.97 -2.56
-3.62 0.47
3.24 1.2
1.54 0.09
0.91 0.62
0.46 1.15
0.14 0.96
0.45 1.68
0.43 1.25
-0.35 2.76
1.06 1.8
0.61 1.11
0.43 0.71
1.05 1.52
0.47 1.08
0.31 0.94
1.12 1.22
0.8 2.03
-0.27 2.3
0.8 1.15
0.24 2.82
-0.73 4.67
-0.24 4.7
1.43 4.35
-0.15 5.46
0.7 5.71
0.6 7.79
0.31 10.56
1.38 11.97
2.26 13.41
0.73 14.94
2.27 16.86
1.68 19.1
1.19 21.23
1.92 23.4
1.19 23.24
0.93 24.82
2.24 25.81
-0.5 28.12
0.88 30.52
-0.1 31.11
1.16 32.63
0.52 33.48
0.42 35.22
1.25 34.06
2.29 37.45
1.5 37.39
2.47 36.97
2.07 37.54
2.19 39.1
1.29 43.74
3.36 39.88
1.28 41.06
2.97 42.58
2.98 42.49
3.21 42.79
3.71 43.29
2.6 43.29
4.07 42.68
3.93 43.04
4.58 43.01
4.24 43.63
4.45 43.42
4.14 43.97
4.32 43.95
5.36 44.02
4.3 43.76
4.96 43.51
4.23 42.55
4.7 43.46
3.64 43.57
4.6 43.75
4.84 44.0
3.74 44.28
4.49 43.81
4.6 43.95
4.23 44.29
4.5 43.67
4.32 44.31
4.69 43.65
5.18 43.6
4.74 43.98
4.16 44.35
3.99 44.14
4.51 44.43
4.47 43.87
4.33 44.02
4.27 43.93
4.5 43.88
4.58 43.84
4.48 44.09
4.33 43.56
4.65 43.43
4.57 43.56
5.09 43.73
4.85 44.02
4.52 43.65
4.62 43.75
4.65 43.72
5.25 43.73
5.29 43.68
5.46 44.0
6.82 43.51
7.57 43.59
9.27 43.38
9.49 42.97
13.14 41.99
12.75 42.82
15.13 42.18
15.07 42.01
15.94 40.87
19.1 42.75
19.84 42.18
20.2 41.93
20.52 42.09
22.14 41.65
21.52 40.67
22.3 41.23
23.12 40.88
23.55 41.31
23.49 40.64
23.76 41.72
24.39 41.7
24.57 40.98
26.53 41.94
27.27 41.03
27.36 40.83
28.76 40.82
29.97 40.32
29.84 40.01
30.77 40.03
30.49 40.22
31.28 39.79
32.04 39.8
31.45 40.12
32.19 39.61
32.33 41.24
32.8 40.1
33.13 40.56
33.08 40.67
32.76 40.44
32.88 40.23
33.54 40.15
33.11 40.27
32.64 39.91
32.51 39.93
31.86 40.24
31.49 40.12
31.43 40.29
31.66 40.11
31.3 40.33
31.45 40.31
31.27 40.62
31.29 40.69
30.71 40.84
29.4 41.38
29.9 40.91
29.69 41.77
28.56 40.6
26.86 41.22
27.19 41.03
24.66 40.52
22.9 40.43
21.12 40.37
20.09 40.12
16.93 39.64
17.4 40.5
15.25 40.07
14.92 42.53
8.95 40.26
6.9 40.05
5.17 40.51
3.98 41.18
3.33 41.45
2.74 41.01
0.12 43.21
0.56 41.07
0.1 41.62
-0.08 41.91
0.23 41.47
-0.36 41.86
-0.38 41.54
-0.36 41.59
-0.25 41.55
-2.83 41.92
-1.42 41.7
-3.48 43.52
-4.07 42.09
-5.29 43.68
-5.25 43.39
-6.48 47.81
-5.91 43.32
-6.55 46.46
-6.16 45.55
-10.86 48.63
-10.18 48.3
-11.16 50.64
-10.46 50.7
-10.52 52.31
-10.14 51.03
-9.87 52.83
-10.63 54.01
-9.52 51.98
-11.1 52.84
-10.74 53.62
-11.36 54.18
-12.33 55.09
-11.6 55.22
-12.07 54.41
-13.59 55.26
-14.21 56.09
-14.01 55.97
-15.45 56.99
-14.31 57.0
-14.07 56.9
-15.23 56.91
-14.77 56.83
-14.61 56.68
-12.85 54.26
-13.14 56.61
-11.76 56.36
-11.78 55.57
-8.0 55.65
-8.67 55.16
-8.0 56.23
-8.27 57.2
-13.45 57.62
-8.8 60.7
-5.63 60.59
-8.34 59.15
-7.22 60.03
-5.68 60.58
-6.95 61.56
-2.29 61.22
-2.04 64.02
-4.81 63.15
-3.79 66.5
-5.6 66.58
-2.85 66.03
-1.84 64.57
-3.26 63.07
-0.36 60.7
0.53 61.92
4.6 60.61
1.7 55.89
3.93 59.96
4.66 59.19
5.98 58.74
0.0 60.44
-0.51 63.89
0.28 64.78
0.01 65.85
-1.22 66.64
0.26 68.15
-1.11 69.68
-0.03 70.77
0.61 71.13
-0.52 75.89
0.57 76.14
-0.66 79.18
NaN 121.72
-1.0 86.51
-0.6 87.92
-3.56 85.92
-1.15 87.24
-1.67 87.73
-1.98 87.51
-3.61 87.89
-2.09 87.72
-3.86 87.57
-4.22 88.81
-4.57 87.95
-4.07 88.38
-5.31 88.69
-5.73 88.73
-6.27 88.89
-7.14 89.13
-7.23 89.88
-7.79 89.42
-8.8 89.93
-9.92 89.91
-10.72 90.45
-10.53 91.1
-11.27 90.94
-10.54 90.58
-11.15 90.94
-11.66 90.97
-11.35 89.84
-9.64 89.8
-9.28 89.62
-10.3 89.42
-9.05 89.72
-8.77 89.23
-7.96 89.25
-7.95 89.06
-8.1 89.4
-8.22 89.44
-8.06 88.98
-7.48 88.64
-8.24 88.81
-8.34 89.26
-8.27 89.01
-8.21 89.27
-8.05 89.03
-7.74 88.54
-7.86 88.47
-7.68 88.65
-6.68 88.52
-6.69 88.22
-7.61 87.67
-7.23 87.88
-5.38 86.08
-4.46 86.21
-7.17 80.41
-5.02 80.68
-5.13 80.12
-5.38 76.14
-5.5 77.18
-6.16 75.22
-8.65 74.88
-8.74 75.23
-7.14 74.79
-7.8 74.07
-9.29 74.77
-8.36 73.72
-8.46 72.86
-8.79 70.78
-7.54 69.08
-4.84 67.66
-3.15 62.79
-4.05 65.88
-6.49 65.26
0.05 64.28
-1.34 64.43
2.12 63.68
2.42 61.42
5.34 59.31
0.48 58.35
4.75 51.71
3.31 54.64
5.68 51.75
6.12 52.02
4.38 52.05
5.32 51.94
8.36 52.12
7.97 52.19
11.52 52.95
10.29 53.07
11.98 50.79
14.15 51.55
15.54 52.18
19.33 49.63
18.88 48.98
19.56 47.09
21.46 46.39
21.78 46.59
22.11 46.84
20.95 47.84
21.8 46.32
22.54 45.23
23.46 46.31
23.41 45.22
25.26 43.86
24.32 45.33
26.24 42.24
25.62 42.3
27.76 39.1
28.27 38.17
29.87 35.69
30.26 34.99
30.85 34.06
31.34 33.48
32.2 31.51
33.39 31.45
33.3 27.77
33.74 26.79
33.98 27.1
34.16 26.26
34.21 24.03
34.28 24.99
34.9 23.79
34.08 24.1
33.71 23.32
34.39 23.49
33.58 22.19
33.03 22.19
32.89 24.99
35.06 23.48
31.68 24.45
31.91 22.84
32.27 22.5
32.44 23.3
32.74 24.04
31.61 22.1
32.1 22.21
31.29 21.93
32.16 23.1
31.13 23.9
30.88 21.81
29.42 24.13
29.96 24.39
30.21 23.14
29.74 23.99
29.35 24.71
30.14 25.11
28.17 28.0
28.1 26.44
27.32 30.95
28.83 24.92
25.14 28.67
29.04 23.28
26.15 22.25
26.68 20.29
30.89 31.64
22.93 21.82
25.37 38.23
18.06 33.87
20.15 33.2
16.74 32.55
14.2 30.26
12.21 31.3
12.99 25.6
9.39 29.96
6.45 26.01
4.54 29.44
3.56 29.46
0.73 26.6
2.13 26.18
0.07 23.05
2.24 19.65
1.26 19.57
1.49 20.03
0.29 13.2
0.0 15.84
2.11 16.3
0.14 13.37
0.37 14.83
0.75 14.89
-3.62 22.93
3.33 16.57
-30.51 -74.89
0.02 2.26
0.28 2.06
0.08 2.07
0.26 2.29
1.3 2.68
4.25 3.43
0.06 2.38
0.2 2.43
0.17 2.72
0.23 0.33
6.83 3.41
-0.58 4.81
1.25 6.01
-0.43 2.3
-0.86 2.33
0.84 1.22
1.17 2.89
0.77 2.19
-0.54 2.9
0.15 2.86
0.28 2.93
-0.42 4.72
0.48 2.27
-0.9 4.97
-0.08 4.26
0.58 4.89
0.73 3.77
3.71 2.96
2.1 8.65
5.1 6.94
3.63 8.34
4.1 6.77
4.68 8.5
3.91 7.2
4.33 6.17
4.89 6.1
4.33 7.31
4.48 6.42
5.6 6.84
5.15 6.43
18.35 6.89
8.64 17.46
6.27 7.46
5.17 6.69
6.5 6.81
7.05 7.11
6.59 7.25
7.05 7.39
6.64 8.27
7.4 9.5
7.81 8.31
7.71 7.85
7.86 6.95
9.14 7.69
8.78 6.71
8.14 8.83
8.95 4.25
10.5 6.12
9.47 5.49
11.5 4.29
11.3 4.72
17.8 5.4
12.83 1.9
12.76 1.11
13.22 0.6
12.83 -1.65
13.34 -2.46
13.17 -2.23
14.8 -2.11
15.16 -1.27
11.66 -4.8
13.26 -3.47
14.97 -3.41
16.82 -3.31
16.03 -3.85
16.1 -1.69
17.4 -3.55
16.38 -6.26
17.29 -3.99
17.12 -4.16
18.54 -5.89
16.97 -7.68
18.68 -5.2
18.88 -6.62
19.03 -6.35
20.27 -6.91
20.73 -7.26
20.72 -6.05
19.29 -6.53
20.52 -7.39
21.58 -6.37
20.67 -8.39
23.71 -5.6
23.16 -8.84
23.81 -9.71
23.15 -9.14
24.3 -12.95
24.48 -11.75
25.04 -11.42
24.74 -12.17
25.17 -11.69
25.14 -12.76
24.56 -11.28
25.64 -12.33
25.28 -12.37
26.38 -10.21
25.33 -7.32
26.48 -3.67
24.66 -3.61
25.52 -0.72
23.88 2.52
23.76 6.18
22.29 7.33
22.4 10.06
21.67 10.47
22.85 11.75
21.91 13.47
22.02 16.66
21.25 14.93
20.28 16.92
20.39 16.18
18.95 20.73
20.45 17.56
22.24 17.6
19.34 14.41
19.51 13.63
20.6 13.18
20.45 4.97
16.59 8.79
15.66 4.69
14.33 5.52
13.24 5.6
10.28 10.01
6.48 12.11
5.27 12.46
-0.27 13.48
-2.01 9.23
1.53 8.5
-12.23 40.19
1.45 5.61
1.25 -0.05
1.97 4.53
-0.06 2.76
-1.58 1.35
0.55 2.4
0.2 2.61
-1.27 0.74
0.52 4.11
0.12 2.32
0.26 2.9
0.22 2.4
0.1 2.5
1.12 3.86
0.18 3.38
1.31 2.43
-0.36 2.32
0.27 1.46
-0.49 3.33
1.55 2.36
-1.86 2.84
0.36 4.55
0.32 6.34
1.87 5.19
0.72 5.74
1.7 6.88
1.22 8.22
0.21 10.68
-0.24 12.81
-0.31 13.98
-1.32 16.74
-1.13 17.05
-1.55 19.71
-1.64 23.04
-2.34 24.14
-2.8 25.18
-3.52 28.21
-3.38 28.63
-3.82 31.48
-4.53 33.37
-4.83 33.52
-4.91 34.17
-4.63 34.33
-5.06 35.64
-5.46 36.32
-5.55 35.45
-5.66 36.88
-5.88 38.05
-5.87 38.79
-6.52 40.02
-6.92 41.32
-7.52 42.2
-7.96 44.02
-8.41 45.4
-8.11 47.64
-8.95 48.29
-9.13 47.82
-9.34 48.83
-9.4 49.62
-10.09 51.11
-9.98 51.87
-9.82 53.61
-10.5 54.49
-11.68 55.52
-12.46 55.3
-12.05 55.34
-14.2 54.32
-12.94 57.95
-12.92 56.93
-14.0 58.38
-13.21 59.63
-13.98 58.36
-14.46 58.97
-13.51 58.28
-13.87 58.23
-14.35 58.72
-14.43 60.19
-13.28 63.72
-14.58 62.41
-14.34 61.9
-15.7 64.93
-13.03 63.11
-11.7 62.72
-10.72 62.02
-10.55 61.04
-10.31 62.0
-10.18 62.05
-9.75 61.49
-9.2 61.99
-9.95 60.74
-9.91 59.95
-10.16 60.14
-10.18 59.56
-9.72 58.71
-9.33 57.92
-7.39 55.58
-6.02 53.91
-6.13 51.73
-5.35 51.55
-3.68 48.28
-3.29 50.65
-1.02 49.76
0.69 49.67
1.19 49.62
2.38 52.38
3.31 52.39
4.39 54.62
5.49 53.22
4.43 56.89
6.59 56.95
8.05 59.31
7.09 60.68
8.35 62.05
8.54 62.53
9.12 63.94
10.33 64.56
10.84 65.45
12.2 63.92
11.66 66.61
12.35 65.86
13.15 66.32
13.53 66.33
13.21 67.7
14.23 68.59
15.58 69.42
15.51 70.31
16.41 70.31
16.26 71.94
16.11 73.53
16.93 74.97
17.77 74.94
18.85 75.43
19.64 74.32
19.53 74.52
19.24 75.41
19.85 75.04
19.81 76.1
20.33 75.79
20.51 75.92
21.83 76.17
21.67 76.85
22.36 77.53
22.75 77.39
23.6 77.46
25.08 76.06
23.65 76.03
26.83 72.35
25.88 71.21
26.02 69.91
30.82 64.87
30.92 62.52
30.59 62.4
30.49 61.74
29.96 65.1
30.7 69.53
31.79 71.43
31.77 74.93
34.33 72.24
34.52 75.59
34.61 74.95
34.69 75.0
34.41 75.44
32.95 76.54
33.63 76.65
33.62 77.3
33.45 78.72
33.65 78.48
33.68 79.73
33.48 80.73
32.81 82.55
33.59 82.96
32.4 86.18
32.19 86.21
31.12 87.51
31.09 87.23
30.72 87.52
29.57 88.06
30.68 87.03
30.95 86.68
30.15 87.24
30.43 86.63
30.75 86.05
30.27 86.32
30.31 85.75
28.76 84.56
29.97 82.1
28.89 80.27
29.72 77.37
30.91 72.99
30.52 65.73
29.59 67.01
30.76 63.53
29.08 65.5
31.71 60.67
32.45 57.72
33.9 54.32
31.06 46.21
42.61 56.49
31.85 30.98
29.45 28.32
29.11 26.98
25.69 30.16
25.21 19.21
23.99 21.36
23.68 18.99
24.67 15.28
21.74 9.91
21.23 6.23
22.03 3.65
24.14 1.21
27.43 2.06
28.58 -3.34
24.81 7.17
25.83 4.08
27.58 10.74
25.53 14.43
14.8 22.69
11.4 17.16
11.86 28.87
11.17 24.28
5.54 37.81
2.98 40.28
3.66 41.7
0.3 41.66
-0.69 39.45
5.29 25.27
-4.94 22.24
-1.92 12.32
0.61 11.21
1.27 9.51
1.23 11.09
1.38 10.47
-1.39 6.97
-1.5 2.25
3.84 2.84
0.86 4.3
0.28 4.48
0.14 4.14
0.28 10.66
0.62 4.83
2.12 5.71
0.94 5.03
-1.48 -0.47
0.32 4.64
0.86 4.9
0.51 4.87
0.66 4.48
1.47 4.46
-1.53 5.22
-1.23 2.65
2.43 6.23
1.79 5.84
6.79 3.07
10.36 5.02
10.36 3.87
17.55 4.15
17.66 4.38
13.75 5.41
19.87 4.68
23.62 4.24
20.39 4.56
21.97 4.4
16.83 4.91
20.06 -0.15
21.26 8.76
23.74 5.02
23.63 3.93
24.66 1.26
27.68 11.16
32.22 3.36
31.13 3.86
31.6 3.16
33.5 3.41
32.82 3.79
32.11 3.96
35.37 5.89
38.54 1.78
35.1 3.75
35.92 3.14
35.87 2.92
35.65 3.31
36.23 2.44
34.88 3.53
36.25 3.03
37.9 1.29
35.19 4.81
30.93 -2.04
23.63 6.43
24.79 6.36
23.39 6.81
18.24 7.23
9.23 9.76
13.88 8.14
10.85 10.06
9.29 6.85
8.33 6.27
10.62 7.56
4.58 6.38
1.95 6.46
0.35 8.81
2.55 7.46
-1.77 5.86
0.44 6.19
1.17 7.21
0.32 7.13
0.24 7.73
0.34 6.57
0.42 6.79
0.05 6.77
-1.46 6.09
0.48 8.52
2.51 5.99
0.59 6.89
-0.36 6.59
-1.64 6.69
1.02 6.03
1.63 7.32
2.23 6.34
1.23 7.94
0.91 6.95
3.12 4.72
1.09 10.21
1.25 10.29
-0.27 12.24
4.0 17.43
-0.5 17.12
1.12 17.89
0.41 14.14
2.55 14.95
1.39 14.47
2.58 14.83
2.73 17.44
2.88 20.37
1.6 21.33
4.95 22.7
3.08 24.92
3.32 23.13
4.05 24.48
1.91 27.14
7.54 37.69
0.08 17.72
1.79 24.04
1.74 28.4
1.66 25.89
0.76 25.04
1.0 26.05
0.9 24.56
2.05 25.37
1.65 24.09
2.37 25.25
1.93 24.84
3.09 26.68
2.39 28.29
1.2 28.22
1.74 27.51
1.45 30.22
1.08 31.09
1.06 30.95
0.92 30.9
1.57 31.86
1.89 32.76
0.67 33.15
2.32 34.01
2.51 37.66
4.95 38.37
2.43 36.37
0.76 36.47
-0.8 36.61
3.7 33.71
2.73 37.01
2.52 38.84
1.63 38.92
1.18 39.79
2.42 40.33
2.51 42.14
2.51 41.76
3.16 44.64
3.49 45.72
3.88 49.22
4.02 51.01
3.26 52.8
4.33 54.76
5.83 53.92
4.95 57.67
4.15 59.37
4.43 59.72
5.0 62.03
4.05 63.01
4.1 64.38
4.08 64.62
4.24 68.3
3.19 68.43
5.42 71.91
4.26 72.73
5.03 73.9
4.58 76.93
3.78 78.39
3.85 81.05
5.31 76.91
2.87 84.7
3.05 86.58
2.83 89.57
2.81 86.89
3.12 87.91
3.22 87.52
6.63 81.23
2.38 76.37
-50.81 37.6
23.77 87.35
24.36 65.97
15.09 38.38
-0.2 55.39
29.28 40.96
35.26 45.0
2.6 2.36
3.7 -5.66
4.21 14.05
4.37 14.97
4.35 14.84
4.31 14.81
4.37 14.79
4.31 14.78
4.31 14.74
4.36 14.77
-3.71 9.39
8.13 17.61
6.04 13.02
4.64 14.61
-7.71 2.87
3.7 4.28
3.2 3.5
3.62 2.62
3.88 2.8
4.09 -1.36
2.92 9.16
24.23 2.66
2.93 1.47
-2.3 -11.73
11.23 1.15
4.12 -3.07
-0.04 0.35
-5.75 -7.3
3.42 4.62
0.21 11.19
8.75 -4.99
3.87 1.15
-7.86 0.44
7.76 11.68
-0.57 12.49
-4.77 5.92
11.58 3.52
2.53 -1.68
1.08 6.77
0.22 -9.18
-1.36 -16.01
8.91 -3.18
-15.29 3.81
-18.67 -29.37
14.79 -5.2
-18.0 -14.21
1.97 6.7
25.15 24.11
8.67 -1.72
8.24 7.28
12.18 -4.01
-6.55 4.76
3.31 1.71
-5.34 -5.88
3.92 7.87
10.11 8.25
29.75 19.09
5.2 -28.55
16.72 5.31
19.95 14.38
13.63 -14.14
-1.67 -4.02
-10.14 -9.35
0.01 0.96
8.74 22.68
-37.83 -8.65
10.21 -3.11
6.14 2.43
-1.65 -6.03
4.54 4.01
7.25 3.47
33.22 16.18
5.65 10.26
4.34 -13.22
15.51 -10.33
-55.31 75.59
-12.54 12.67
0.21 1.39
4.8 3.05
2.74 2.86
2.6 2.81
2.96 3.13
2.8 3.07
2.85 2.63
3.09 2.68
2.75 2.82
2.8 2.77
3.08 2.71
2.93 2.66
2.94 2.61
2.78 2.71
3.88 2.55
3.17 2.74
2.82 2.57
2.64 3.71
0.54 5.42
6.48 0.88
3.94 1.76
1.13 -4.21
-1.62 -4.22
-0.07 0.61
7.41 9.08
2.79 2.71
3.0 2.53
3.06 2.8
2.85 2.83
2.9 2.72
9.75 48.03
3.94 7.4
2.3 2.42
5.08 0.79
2.04 -0.62
2.29 2.92
2.58 3.66
2.85 2.46
3.3 2.94
2.73 2.39
1.7 1.1
3.31 2.86
3.84 3.33
2.83 2.78
2.83 2.84
2.82 2.73
3.05 2.23
2.85 2.58
2.66 2.93
2.8 2.71
2.89 2.67
2.89 2.65
2.86 2.71
2.94 2.68
3.01 2.69
2.8 2.66
3.05 2.6
2.95 2.74
2.91 2.61
2.97 2.59
2.9 2.63
2.94 2.69
2.87 2.18
3.0 3.13
2.72 2.51
2.98 4.1
2.85 3.19
2.67 2.77
-0.2 -0.82
2.8 2.32
2.19 0.74
3.8 3.62
2.95 2.67
6.55 5.1
3.02 2.69
2.67 2.91
2.95 2.72
3.93 3.38
3.06 2.82
2.79 2.71
2.91 2.46
3.03 2.73
2.84 2.62
4.95 5.38
2.89 2.83
4.61 2.87
2.81 2.71
3.0 2.79
2.84 2.8
2.96 2.82
2.86 2.92
2.76 2.79
2.79 2.87
2.83 2.82
2.83 2.74
2.82 2.84
2.82 2.71
3.1 2.67
3.05 2.81
3.0 2.62
0.25 2.13
2.9 2.84
2.85 2.19
2.89 2.94
2.37 2.62
1.69 3.18
1.86 2.93
2.21 2.72
2.9 2.55
3.33 2.77
3.63 4.11
3.81 2.32
4.6 2.92
4.92 3.05
6.2 3.36
7.1 3.29
7.19 3.14
7.67 2.07
9.1 2.98
10.34 3.26
10.92 2.34
12.78 2.92
16.6 1.67
17.26 1.34
18.64 3.31
20.24 4.66
20.42 3.57
19.87 2.79
21.46 3.01
22.23 2.99
23.18 3.09
24.24 4.12
24.27 4.02
25.42 3.71
26.22 3.39
25.14 3.89
24.83 3.67
24.36 4.0
24.94 3.84
25.06 3.8
24.91 3.92
25.53 3.47
25.54 4.01
25.56 3.9
25.53 4.11
26.28 4.32
25.86 3.86
26.04 3.78
26.4 3.81
26.46 4.09
25.85 3.6
25.71 3.38
25.38 3.37
25.45 3.27
25.0 3.51
25.69 4.98
24.77 3.36
24.03 3.07
24.5 3.1
23.94 3.16
23.5 3.09
23.8 3.82
22.38 3.19
21.8 2.8
23.52 6.35
16.99 2.94
17.56 2.69
17.89 2.79
18.3 2.88
17.75 3.13
17.18 2.93
16.67 2.92
16.93 2.99
16.82 3.0
16.6 2.92
16.14 3.08
15.98 3.03
15.75 2.9
16.21 3.0
16.23 2.89
17.31 1.22
19.04 2.85
18.82 2.78
20.04 2.67
20.53 3.61
21.71 3.82
21.25 3.36
23.06 3.67
23.69 3.3
23.47 3.25
23.82 4.03
24.73 3.15
25.28 3.47
24.99 3.37
24.91 3.49
24.74 3.13
24.93 3.3
24.3 3.01
24.76 3.28
24.71 3.4
24.12 3.12
23.86 2.87
23.23 2.4
23.66 3.05
21.88 2.39
22.11 3.06
22.6 3.42
22.17 3.08
22.14 3.01
22.51 3.43
22.0 2.94
21.57 2.85
22.06 2.67
22.35 2.92
22.0 2.86
23.07 2.26
21.19 1.49
24.74 3.39
25.2 3.23
25.6 2.71
26.08 3.09
25.77 3.3
26.18 3.14
25.64 3.07
25.39 3.09
25.54 3.41
25.5 3.13
25.79 3.21
24.97 3.71
24.84 3.35
24.5 3.03
23.24 4.0
23.69 5.42
22.43 3.76
21.77 2.83
21.89 2.97
21.82 3.12
21.02 3.43
21.18 2.96
18.32 3.86
18.56 4.47
14.06 3.37
12.21 3.21
10.38 3.48
8.23 3.2
-0.65 -2.14
7.3 13.12
0.62 0.29
3.78 2.33
-0.37 1.44
3.83 2.9
2.54 2.56
2.64 2.68
2.6 2.48
1.9 2.75
2.8 2.78
2.88 2.69
2.76 2.74
2.78 2.7
2.92 2.61
2.79 2.78
2.92 2.79
2.94 2.57
2.8 2.58
3.45 2.42
3.36 2.69
2.74 2.74
2.7 2.9
2.51 2.58
2.42 2.58
2.58 2.2
3.14 3.17
3.31 3.43
2.02 3.19
-1.02 0.81
1.95 3.57
2.88 2.37
1.83 2.05
2.07 4.12
2.47 1.55
3.16 4.08
-7.82 -6.84
1.68 3.24
4.41 3.18
1.56 3.64
2.67 -3.1
0.75 6.56
5.03 10.76
-15.95 4.87
8.18 5.8
1.93 0.38
8.78 -11.46
6.45 12.48
-3.43 6.53
30.12 6.74
5.57 -6.84
31.04 -36.2
20.32 61.34
17.43 -3.37
7.4 -3.66
3.85 -6.25
15.31 -0.58
4.15 7.74
6.35 -4.19
2.83 3.29
2.98 2.84
3.0 2.36
2.96 3.04
2.96 2.85
3.25 2.88
3.13 2.64
2.83 2.36
2.37 2.6
-2.67 -3.28
3.55 -4.48
2.49 1.54
2.1 3.22
2.36 2.85
4.49 1.21
-6.1 2.84
3.99 7.15
1.22 2.64
2.69 2.64
0.88 3.73
-11.39 4.16
1.12 4.6
4.1 -2.95
-1.86 -3.98
2.64 1.19
17.28 -2.01
38.98 -24.22
-9.96 -1.73
12.16 11.04
16.17 11.96
0.71 2.79
3.98 3.67
5.62 2.37
5.08 1.37
0.54 14.54
6.17 10.65
-10.9 -0.87
-0.74 -2.32
3.58 2.88
6.11 5.4
1.75 4.19
4.28 1.17
2.41 0.62
3.19 3.85
2.71 2.5
2.31 8.97
-4.25 2.3
2.89 2.37
3.42 2.1
2.96 2.69
-5.28 -2.71
0.34 9.97
9.59 3.13
7.89 6.96
3.46 3.01
-3.18 1.54
4.5 3.53
-2.0 2.84
2.96 4.79
-3.81 9.28
6.64 -3.57
5.33 -0.3
1.94 2.15
2.76 4.08
3.2 1.88
3.18 2.89
3.41 1.54
4.03 3.45
3.64 3.59
4.07 4.33
3.99 3.76
3.75 3.66
2.39 0.59
-13.71 17.74
6.31 18.62
4.11 8.08
5.26 18.65
4.67 23.3
5.32 23.68
2.12 28.08
4.65 32.71
5.46 35.51
5.72 39.22
5.49 40.53
5.99 43.46
5.57 42.74
6.17 44.0
6.72 42.96
7.32 47.24
5.65 45.06
13.13 42.97
6.75 48.9
6.94 50.07
8.16 54.45
6.04 57.7
6.73 56.66
6.24 55.3
5.51 56.55
5.91 57.41
7.03 58.99
6.05 59.62
5.73 60.36
5.21 60.94
4.7 61.23
5.1 61.3
4.98 61.71
5.16 62.02
4.49 62.56
4.7 62.61
7.56 61.55
4.69 60.35
4.37 59.43
4.72 54.8
5.23 49.99
4.3 47.64
2.84 38.84
5.27 32.76
4.58 27.1
2.98 28.44
5.29 16.36
5.21 11.4
3.45 -1.14
0.36 6.01
3.86 2.13
4.3 2.94
3.22 1.37
1.82 4.15
2.66 0.87
4.22 -4.55
3.82 -5.04
2.32 -6.31
2.89 -10.76
6.49 -10.75
5.14 -9.22
2.85 -17.37
4.5 -13.76
5.83 -17.99
3.61 -19.71
2.86 -17.84
4.21 -23.5
5.93 -20.02
50.15 -16.32
-78.78 113.71
2.96 -0.87
3.15 2.39
3.26 2.58
2.17 2.62
6.17 -0.25
5.02 42.47
-0.5 3.49
3.01 2.26
3.34 2.61
2.94 1.86
3.2 2.91
3.09 2.58
3.15 2.79
3.2 2.83
3.56 0.1
3.9 4.26
3.06 2.43
3.29 2.51
5.31 0.84
3.24 2.39
2.8 2.77
3.16 2.91
3.24 -0.09
6.53 2.17
1.68 3.15
4.24 0.0
4.49 2.69
6.91 2.14
3.4 3.53
6.7 3.21
6.16 2.47
5.99 3.17
2.84 -3.28
6.79 -0.29
6.63 -4.53
7.16 -6.29
7.28 -9.67
7.27 -12.86
8.37 -13.99
6.87 -15.73
5.87 -18.58
8.39 -18.92
8.25 -20.24
8.71 -21.76
8.88 -24.25
7.72 -23.8
9.76 -27.49
9.18 -27.2
8.94 -25.71
8.47 -27.33
8.84 -25.36
9.07 -27.8
8.9 -27.28
9.04 -27.92
9.58 -28.73
8.7 -27.9
8.88 -27.65
8.99 -28.09
8.89 -28.02
9.01 -28.21
8.82 -27.88
8.77 -29.08
8.42 -27.27
9.82 -23.87
9.25 -22.96
9.83 -19.05
8.95 -16.3
9.06 -15.4
8.03 -13.69
7.68 -11.34
7.59 -8.27
4.93 -5.2
7.56 -2.04
4.89 0.67
4.62 3.19
4.4 4.54
6.6 0.28
3.63 3.25
3.72 1.41
3.17 4.02
2.76 3.3
3.26 1.91
2.85 3.67
3.4 1.63
3.19 2.65
3.16 2.54
3.36 3.23
3.2 2.62
3.24 2.55
3.24 2.65
3.19 2.57
3.21 2.52
3.93 2.63
6.07 -1.47
-1.21 1.27
5.7 -7.36
3.46 -9.1
3.67 -9.5
3.59 -15.72
4.09 -17.28
3.52 -23.59
3.66 -24.26
3.58 -23.43
4.1 -24.11
3.89 -23.55
4.31 -23.83
3.97 -24.19
3.88 -23.56
4.04 -23.38
4.19 -23.86
3.9 -22.99
3.83 -23.36
3.88 -23.35
3.78 -23.32
3.84 -23.3
3.91 -23.02
2.21 -16.51
4.27 -23.4
4.5 -16.37
1.72 -3.85
2.52 -2.97
5.38 3.03
2.98 2.74
1.84 4.58
3.55 1.86
3.13 2.46
3.26 2.63
2.98 2.18
3.01 2.52
2.81 5.82
3.18 2.06
3.15 2.6
3.12 2.56
3.16 2.6
4.78 1.21
2.28 4.56
4.08 -0.87
1.47 -5.01
2.93 -11.53
2.77 -13.36
3.38 -14.51
3.39 -13.38
3.05 -14.68
3.32 -15.5
2.36 -17.69
3.29 -18.41
3.16 -17.54
3.12 -18.17
3.07 -17.89
3.21 -18.34
3.26 -18.3
3.51 -18.62
3.32 -18.37
3.38 -18.48
3.31 -18.02
3.68 -16.68
3.52 -17.48
3.18 -17.27
2.96 -16.76
3.6 -15.37
3.67 -14.72
3.47 -14.34
3.74 -14.14
3.45 -13.89
3.66 -13.48
3.33 -11.48
3.78 -11.59
3.42 -11.72
3.86 -11.81
3.23 -10.86
2.91 -10.11
3.55 -9.35
3.32 -8.09
2.05 -7.33
3.06 -7.46
3.06 -4.71
4.29 -1.89
4.21 -0.22
2.56 0.37
3.3 1.11
2.79 1.81
2.5 2.65
2.74 2.14
5.71 1.06
1.68 1.95
3.0 1.77
3.14 0.53
-13.87 -9.41
3.63 2.31
3.17 2.39
3.18 2.37
3.02 3.14
3.46 2.75
2.91 1.52
3.11 0.47
3.22 2.27
3.15 3.33
3.2 2.8
3.16 2.61
3.24 2.6
3.87 -0.48
3.24 1.46
2.88 2.52
3.47 2.94
2.96 3.03
4.49 3.34
3.08 2.58
2.72 2.04
3.04 3.89
5.91 0.65
4.66 0.32
4.95 -2.12
5.02 -3.38
1.19 -6.65
2.1 -8.8
2.88 -9.58
5.19 -12.9
2.53 -11.19
3.93 -13.45
2.84 -13.2
3.51 -13.96
3.29 -13.15
3.24 -15.24
2.45 -15.36
2.91 -14.98
2.5 -16.0
2.86 -16.94
2.61 -16.96
2.67 -16.94
2.82 -17.51
2.58 -17.18
2.59 -17.32
2.63 -17.2
2.79 -16.31
2.69 -15.85
2.82 -15.97
1.47 -13.86
3.38 -15.86
10.53 23.19
2.26 2.67
2.87 2.03
2.94 2.34
3.03 2.42
3.0 2.47
3.29 2.51
2.98 2.34
3.14 2.37
3.42 3.31
2.93 2.48
3.08 2.54
2.96 2.53
2.88 2.41
2.88 2.4
3.08 2.2
2.98 2.39
2.98 2.34
2.85 2.34
2.93 2.26
3.1 2.24
2.8 2.08
2.97 2.71
2.91 2.03
2.84 3.36
2.94 2.49
2.87 2.9
2.83 1.71
3.19 3.57
2.84 2.46
3.07 2.33
2.92 2.23
2.28 1.46
0.24 3.49
2.54 1.94
3.91 1.24
3.76 3.17
2.76 2.08
3.4 2.77
2.62 1.68
3.1 3.34
3.33 3.8
2.6 2.51
2.64 2.53
2.87 2.68
3.15 3.05
3.12 2.6
3.18 3.31
2.8 2.6
2.75 2.9
2.86 2.51
6.2 5.98
-1.84 2.14
1.14 4.62
2.55 3.47
7.41 2.56
1.5 5.79
-0.32 4.89
-3.93 6.73
-3.43 7.44
-3.65 8.04
-11.45 2.95
4.56 34.02
-6.56 19.72
-7.43 18.22
-9.29 16.16
-10.46 15.4
-10.15 19.67
-16.29 17.24
-13.05 15.25
-16.08 20.66
-16.32 19.49
-17.11 20.78
-15.11 21.07
-15.82 19.32
-21.97 29.09
-21.43 28.02
-18.38 33.01
-10.56 28.33
-12.89 29.35
-12.61 31.14
-13.44 32.05
-13.6 34.48
-12.98 35.07
-13.1 33.53
-13.5 33.21
-10.03 30.41
-10.31 34.34
-11.73 35.95
-12.86 35.95
-16.62 38.08
-15.15 38.16
-15.35 36.21
-15.87 55.23
-16.11 24.03
-26.76 26.88
-31.58 13.84
-32.48 11.94
-33.11 11.84
-34.63 10.53
-35.56 11.6
-34.96 11.34
-34.66 10.38
-34.83 10.96
-35.61 11.18
-35.43 10.69
-36.13 10.97
-37.63 11.4
-37.09 11.16
-36.63 10.68
-37.64 11.11
-37.44 11.31
-38.76 10.77
-38.29 9.53
-38.09 11.21
-38.64 11.47
-38.41 10.09
-39.57 10.63
-38.37 10.13
-40.2 10.78
-41.34 9.21
-43.42 11.07
-43.91 10.43
-44.25 9.66
-44.18 10.77
-44.33 10.53
-44.18 11.91
-46.63 9.97
-48.0 11.19
-48.39 10.14
-47.74 10.18
-51.04 11.7
-51.28 8.16
-53.19 11.46
-54.31 12.38
-57.44 6.39
-56.31 13.34
-58.47 12.21
-59.69 11.49
-59.9 14.4
-61.61 17.34
-59.91 20.46
-68.28 28.3
-62.6 20.47
-66.37 14.55
-62.82 12.04
-68.92 15.02
-69.0 12.22
-69.65 14.36
-70.47 14.23
-71.22 14.07
-70.18 17.32
-69.1 5.17
-68.04 15.49
-74.46 10.85
-79.48 125.47
-75.95 11.19
-74.87 10.39
-74.81 10.77
-74.8 10.87
-72.62 18.55
-74.76 10.96
-75.12 10.68
-75.93 14.98
-74.26 11.17
-75.73 10.02
-74.43 11.02
-74.24 11.45
-74.74 11.32
-73.79 10.87
-74.39 11.01
-74.17 10.24
-74.25 10.68
-74.42 10.62
-74.17 10.96
-73.16 10.67
-74.23 12.14
-75.38 9.47
-71.98 10.69
-70.12 9.69
-70.59 8.88
-67.56 9.96
-67.6 9.6
-67.42 9.18
-66.71 10.02
-63.87 13.92
-63.12 3.62
-56.72 5.54
-51.89 -6.81
-46.47 8.42
-46.57 5.68
-45.14 6.15
-41.49 6.86
-40.13 6.41
-39.42 7.01
-39.33 6.99
-38.96 5.84
-37.53 6.61
-36.29 8.64
-33.87 11.25
-35.99 10.96
-30.03 14.84
-30.12 18.89
-26.92 14.84
-30.0 11.52
-30.1 14.13
-32.71 9.37
-20.83 9.75
-19.66 13.59
-18.65 8.55
-14.17 11.72
-19.43 10.93
-16.31 8.54
-25.78 4.71
-8.83 9.8
-12.59 5.54
-8.6 6.71
-2.85 7.15
-3.74 6.17
-5.21 7.38
0.28 4.1
1.24 4.91
10.75 5.75
2.41 5.46
2.5 5.13
2.27 1.55
3.16 4.63
2.53 4.18
1.31 3.92
4.61 7.2
3.37 3.69
7.48 5.0
8.61 6.49
11.55 6.99
10.09 6.19
11.63 5.26
16.91 5.36
20.85 5.62
22.4 7.63
24.47 3.99
28.27 5.09
30.26 4.73
29.07 4.5
29.35 4.9
32.95 3.7
33.23 4.23
35.18 4.2
36.67 4.88
39.71 2.69
40.79 3.49
40.84 3.83
42.67 4.71
44.42 0.19
40.69 10.97
42.38 1.79
43.38 1.95
39.92 -4.22
46.24 3.35
46.81 2.83
51.63 4.19
45.92 0.33
51.06 3.38
52.07 2.36
52.25 4.59
52.92 3.56
52.43 3.83
52.14 3.89
52.46 3.88
51.73 4.33
51.56 4.24
51.98 4.61
52.13 4.31
50.4 3.66
47.29 5.17
48.25 6.26
42.03 6.0
35.5 5.15
32.05 5.28
25.65 5.66
26.13 4.39
27.38 5.53
23.0 5.3
20.22 5.42
22.82 2.39
17.34 5.3
16.77 5.02
63.95 84.45
1.62 4.06
1.72 4.84
-3.13 -0.12
0.84 4.94
1.91 5.04
1.61 5.13
1.81 5.17
1.79 5.2
1.84 4.98
1.85 5.19
-0.63 2.66
4.08 5.0
3.68 5.14
3.54 5.74
0.58 3.82
3.72 6.85
2.07 4.45
1.6 6.61
2.21 8.88
1.94 12.2
1.69 13.03
1.83 14.18
0.95 15.95
0.48 21.96
3.29 22.44
0.64 29.78
3.05 30.65
3.81 35.68
1.86 33.75
2.27 43.84
2.06 46.02
2.71 44.8
2.83 50.54
1.13 54.23
-0.01 56.9
2.63 58.12
1.18 59.25
-0.5 63.01
-1.46 61.76
-1.25 61.63
-1.26 64.7
-1.4 68.72
-1.12 69.13
-1.39 69.18
0.06 70.16
-0.55 70.17
0.31 71.64
-0.01 73.37
-0.1 73.24
1.96 76.41
-0.52 77.06
3.12 77.77
1.69 79.45
1.94 80.09
2.04 80.31
2.28 80.73
1.06 81.75
3.13 83.38
1.98 85.08
4.34 84.58
2.23 84.7
2.36 85.35
2.46 84.82
2.5 84.8
2.78 84.76
2.3 85.14
2.64 84.54
1.87 86.27
2.31 85.64
1.63 85.73
3.44 82.4
2.48 83.94
2.5 83.82
2.91 81.96
2.25 83.43
2.65 82.53
1.92 84.82
1.95 84.35
3.03 82.25
1.63 84.35
2.51 82.43
2.33 83.09
2.63 82.89
2.46 82.78
2.32 83.23
2.7 82.53
2.89 83.65
2.58 82.54
3.13 82.54
2.56 83.39
2.86 82.14
2.84 81.64
3.07 81.25
2.58 82.41
2.83 79.92
3.86 78.55
2.74 74.35
2.57 72.66
3.02 68.6
2.21 66.06
2.74 64.78
2.15 61.53
2.97 61.31
2.71 53.21
1.38 52.31
2.31 47.32
6.27 44.34
1.96 33.77
3.75 28.65
1.9 18.34
2.86 16.33
0.56 13.28
1.99 10.26
3.59 11.79
0.88 4.55
1.76 4.59
1.56 4.69
1.56 4.92
2.13 3.74
0.6 4.02
0.57 4.11
0.19 5.15
-0.78 6.78
4.43 6.08
1.74 4.31
1.92 5.18
2.48 5.48
2.55 5.66
0.98 4.41
1.85 5.16
1.78 4.62
1.71 4.66
1.6 4.41
1.74 4.41
1.78 4.66
1.68 4.71
1.5 4.66
1.7 3.89
3.09 3.54
1.05 2.33
1.43 4.59
1.53 4.62
1.17 3.88
1.83 4.11
2.19 4.86
2.09 6.42
1.17 4.55
2.27 4.79
3.24 5.11
2.09 5.78
2.17 5.71
1.47 3.36
-0.28 10.58
3.24 -4.46
1.77 -1.22
0.96 -7.28
-2.33 -13.84
1.91 -9.45
-0.01 -10.77
0.99 -14.03
0.51 -14.35
0.76 -17.51
0.64 -21.25
1.85 -18.97
2.88 -19.02
0.52 -19.81
12.41 -19.13
0.77 -23.2
0.36 -24.1
2.24 -26.41
1.85 -34.09
1.75 -25.52
-0.27 -30.25
0.79 -32.16
0.97 -33.55
0.88 -34.31
0.28 -35.6
1.0 -37.67
1.38 -37.87
0.33 -41.01
0.9 -39.45
0.85 -39.52
0.21 -39.61
0.89 -41.79
0.98 -43.28
0.02 -43.85
0.91 -45.76
0.21 -46.22
0.74 -47.33
0.62 -49.55
0.89 -50.36
0.9 -51.23
-0.03 -52.61
0.54 -54.08
1.24 -56.04
-0.04 -56.38
-0.08 -60.93
0.11 -62.98
0.88 -60.79
1.68 -64.49
-1.67 -70.64
-0.12 -66.81
0.24 -68.54
0.27 -67.71
0.71 -67.84
0.86 -68.16
0.06 -68.05
0.1 -68.73
-10.2 -61.59
0.5 -68.64
-0.35 -70.13
0.13 -73.06
-0.93 -74.18
-0.11 -74.22
0.01 -73.88
-0.01 -75.62
-0.04 -76.03
0.1 -77.28
-0.26 -79.01
-0.02 -78.27
-0.12 -79.3
-0.09 -79.7
-0.16 -79.64
-0.11 -79.95
-0.22 -80.01
0.21 -78.95
-0.13 -79.55
-0.5 -78.12
0.05 -77.41
-0.24 -76.98
0.7 -76.27
-0.26 -72.25
0.9 -68.27
1.42 -67.53
-0.18 -62.34
-0.53 -59.76
0.15 -57.77
0.05 -54.75
0.24 -53.56
0.35 -50.39
-0.11 -50.22
0.04 -46.2
0.72 -45.18
-0.34 -40.78
0.31 -36.27
1.96 -37.28
1.48 -30.3
1.59 -27.73
0.77 -27.7
0.9 -22.22
0.64 -23.19
1.39 -17.38
0.3 -19.16
-0.0 -19.2
-0.64 -18.6
0.03 -19.86
1.38 -14.35
-3.69 -14.78
4.14 -20.45
0.67 -16.35
1.36 -14.95
0.32 -11.15
1.44 -12.08
1.02 -13.33
0.6 -13.23
-0.85 -7.55
1.05 -8.64
14.01 -7.75
4.29 -3.57
3.04 -4.82
3.06 -1.84
-1.46 -1.75
2.53 -1.29
1.09 2.92
-0.06 3.83
1.68 4.3
1.05 1.85
0.8 3.43
1.98 2.93
1.11 1.82
2.08 2.07
1.34 3.62
1.65 2.98
1.22 3.58
2.02 2.36
1.47 3.13
1.55 3.01
1.49 3.09
1.9 3.67
1.58 3.06
1.91 3.92
5.48 2.81
1.44 2.14
1.03 3.0
1.57 3.43
1.6 2.68
1.05 3.4
1.39 3.45
1.3 2.81
0.36 2.75
0.77 2.81
1.28 3.37
1.57 3.84
2.16 4.27
2.0 3.6
1.71 3.98
1.48 2.26
1.1 0.73
0.9 -2.34
0.41 -3.67
0.31 -8.54
0.92 -9.59
0.75 -13.19
0.84 -17.81
0.95 -16.27
0.81 -17.64
1.25 -16.85
-0.35 -22.97
0.24 -25.51
-5.0 -21.8
1.17 -26.45
-2.8 -28.25
0.49 -28.18
0.81 -28.99
1.02 -32.36
0.47 -31.78
0.67 -31.11
0.67 -31.24
0.61 -31.68
0.37 -32.46
1.87 -32.58
0.77 -30.8
0.63 -30.96
0.73 -31.12
0.38 -30.77
0.29 -30.61
-0.57 -25.47
1.47 -24.36
0.51 -22.88
0.63 -15.17
0.16 -12.09
0.35 -10.97
1.14 -5.72
0.24 -3.93
3.03 0.3
1.06 2.94
0.97 3.17
0.99 2.98
1.04 2.8
1.06 2.8
1.12 3.17
-2.14 6.03
0.85 3.23
1.7 4.25
1.54 3.82
1.35 3.4
1.29 3.07
1.79 4.08
2.4 3.07
0.92 3.03
1.6 4.17
1.85 2.4
2.0 4.71
2.54 4.5
0.59 3.34
-0.97 2.39
-0.04 2.74
1.56 -0.15
1.15 -1.28
1.82 -3.24
-0.22 -4.15
1.33 -3.3
1.3 -2.83
1.42 -4.19
1.24 -3.64
1.89 -5.6
1.23 -4.78
1.36 -5.34
1.06 -6.11
1.28 -7.58
1.27 -6.09
1.17 -7.43
1.37 -7.21
1.37 -7.59
1.32 -7.42
1.37 -7.22
1.23 -7.39
1.53 -7.79
1.64 -7.08
0.81 -6.46
1.45 -6.45
1.35 -6.1
1.31 -5.98
1.44 -5.82
1.22 -5.99
1.21 -6.0
1.26 -5.71
1.29 -5.51
1.24 -6.05
1.26 -5.96
1.28 -6.1
1.41 -5.95
1.41 -6.41
1.41 -7.43
1.87 -5.6
0.64 -1.47
1.02 0.26
1.14 0.53
1.33 1.97
1.0 3.85
1.01 3.03
1.86 4.88
1.69 3.98
1.42 4.63
1.0 3.94
1.85 5.7
-0.64 4.48
3.19 7.4
4.35 8.08
-1.25 11.53
0.94 15.45
0.75 16.6
2.01 20.84
2.18 22.59
0.18 24.18
2.46 27.37
1.81 30.42
1.33 30.06
1.99 32.66
1.57 34.54
1.01 34.98
1.69 38.81
1.06 39.45
0.49 40.77
1.62 41.7
1.21 44.52
2.03 45.57
1.09 47.4
1.56 49.42
2.02 51.43
0.58 53.31
0.28 52.91
2.48 55.04
0.18 52.44
-0.22 56.03
-0.9 55.33
-1.05 55.87
-1.09 54.99
-0.48 57.88
-1.52 59.21
-1.57 59.34
-1.84 59.72
-1.64 60.42
-1.9 59.66
-0.79 59.88
-1.9 59.22
-1.41 59.38
-0.62 54.91
1.82 52.35
1.0 51.6
1.37 49.58
0.5 48.9
0.08 46.4
0.97 41.33
0.53 37.98
-0.3 36.14
-0.32 22.1
4.21 31.39
3.16 14.73
0.27 0.92
0.35 5.44
2.21 4.86
0.3 1.15
2.83 5.96
1.83 4.15
0.73 2.89
1.44 3.72
1.31 2.48
1.44 3.48
1.38 3.72
1.1 3.14
2.41 3.23
1.82 3.89
1.54 3.54
1.45 3.27
1.87 3.39
1.04 2.93
1.78 3.45
1.25 2.12
3.23 3.43
3.79 2.75
5.24 4.29
7.09 0.93
7.41 3.76
5.8 1.29
8.08 -2.98
10.12 -0.47
18.99 5.48
11.52 5.8
19.93 2.17
23.99 1.99
24.44 3.13
23.74 3.79
25.52 2.46
27.47 2.71
27.21 2.89
33.86 4.52
28.08 2.65
29.18 2.45
29.98 1.45
31.72 4.08
30.42 2.7
30.03 2.46
33.05 0.81
33.19 1.57
32.73 2.6
34.61 2.27
35.24 1.38
35.62 2.46
36.59 1.79
36.9 1.13
36.8 1.31
35.63 2.16
35.88 3.81
32.81 0.42
30.08 2.53
28.67 1.91
14.59 4.76
16.76 2.86
13.61 1.71
8.04 3.33
2.99 3.16
1.55 5.96
-0.37 5.93
1.46 1.57
1.44 4.14
4.65 3.76
2.6 4.87
0.46 2.39
1.49 4.09
-1.38 4.26
2.66 3.79
1.75 7.0
1.8 12.03
0.55 10.93
1.49 16.35
0.46 15.66
0.89 23.6
1.12 23.16
1.8 29.15
2.56 32.73
2.77 36.26
1.63 39.06
0.74 43.44
1.77 39.83
3.2 48.24
1.02 46.44
0.61 50.31
1.54 50.83
2.13 54.03
0.54 53.68
1.42 54.42
2.19 55.1
0.59 56.03
1.27 56.25
1.57 57.31
0.83 58.43
0.48 58.83
0.46 58.96
0.4 61.46
-0.26 60.13
-0.24 59.66
3.69 53.04
2.13 56.75
0.95 52.14
3.63 41.13
1.13 26.42
-0.9 33.38
0.19 12.81
6.25 15.47
1.95 7.01
-4.89 -2.58
1.41 3.35
3.65 5.59
3.07 2.77
1.75 2.62
3.66 2.05
6.45 2.45
20.03 5.01
9.88 4.03
11.03 2.84
14.21 2.56
11.67 3.66
14.33 3.21
16.14 3.27
19.71 0.33
19.07 1.58
24.54 1.26
20.53 3.62
27.49 1.71
29.02 -4.22
13.86 -6.46
29.66 -0.31
33.53 0.19
35.29 0.18
34.61 -2.29
35.04 -1.96
35.54 -1.42
35.46 -2.35
34.35 -4.31
39.47 0.18
39.02 -0.01
38.97 -0.17
38.67 -0.22
38.73 0.35
38.51 0.34
38.54 0.56
38.77 1.98
37.66 2.81
33.8 2.12
32.65 8.86
34.34 2.25
24.71 5.35
15.87 3.9
7.37 12.6
9.4 8.79
2.1 5.21
-3.31 6.54
0.54 5.76
0.54 7.08
-0.66 5.99
-0.79 5.86
-0.75 6.03
-1.92 4.47
-3.15 3.4
-3.18 4.65
-4.6 4.04
-7.36 6.56
-7.69 5.23
-8.86 5.48
-9.77 5.7
-9.66 5.51
-11.79 6.99
-13.95 6.44
-13.97 4.92
-12.44 5.44
-13.97 5.49
-17.26 7.19
-21.79 8.98
-20.34 5.16
-22.74 10.31
NaN 6.17
-26.25 7.97
-26.01 6.72
-25.67 8.46
-27.91 5.86
-28.05 5.81
-29.25 7.57
-28.87 7.29
-30.01 5.72
-31.34 6.0
-30.67 5.05
-33.59 6.0
-34.83 5.51
-36.81 7.53
-37.81 6.87
-37.89 5.83
-37.3 5.53
-37.78 4.16
-41.51 4.93
-42.85 6.74
-43.13 4.79
-42.3 5.73
-45.51 4.55
-47.55 6.03
-49.7 9.46
-49.78 6.41
-49.34 5.96
-49.53 6.6
-48.84 6.15
-48.22 6.92
-48.43 6.65
-48.89 6.55
-44.88 5.89
-42.86 6.5
-44.64 6.49
-38.25 4.78
-36.11 3.42
-36.9 4.15
-35.04 7.6
-26.66 6.28
-36.08 13.96
-9.18 0.02
-7.48 3.21
-9.42 3.61
-8.01 6.98
-8.26 14.05
-5.63 3.63
-2.25 3.86
0.85 5.94
0.68 4.07
0.05 1.24
-0.7 5.92
-0.1 5.27
-0.79 2.14
1.92 5.3
2.13 0.5
1.19 9.18
1.09 5.16
0.84 5.45
0.96 5.34
0.79 5.33
0.96 5.3
0.94 5.41
0.97 5.32
0.88 5.46
0.87 5.39
1.31 5.32
0.78 5.33
0.58 5.37
0.82 0.42
0.74 6.35
1.51 7.84
0.67 7.31
0.39 4.74
0.2 5.39
1.78 -1.1
2.21 -2.83
1.43 5.11
4.86 5.27
-0.88 6.44
-3.32 4.65
6.66 10.97
-3.27 1.11
4.47 0.23
1.0 3.48
3.72 4.36
-4.88 5.95
-5.12 10.42
1.89 3.49
-1.72 3.36
0.62 5.01
1.47 -0.7
2.24 11.3
4.9 2.27
8.77 15.26
-10.52 -3.07
-5.96 -4.64
0.34 5.71
0.37 4.9
0.62 4.98
0.56 4.74
0.47 4.8
9.32 14.23
-0.94 3.63
-0.42 7.49
0.75 4.78
2.14 3.43
1.88 2.54
0.07 10.48
-0.96 5.26
0.82 3.09
6.38 1.41
10.24 16.29
4.31 -8.28
-2.29 5.17
1.48 4.91
-0.51 5.51
0.35 5.08
0.93 4.27
1.07 4.47
-0.62 7.0
7.35 4.56
9.96 9.36
-2.05 -5.46
0.04 5.72
0.48 4.26
-0.37 4.75
1.23 1.91
7.86 9.54
-1.68 4.79
0.1 5.37
0.74 4.37
0.17 4.9
0.28 4.63
-0.51 5.73
1.43 2.99
0.51 7.28
-3.67 10.56
-33.92 19.41
-5.34 -7.95
-4.25 -1.14
-4.69 -4.6
8.67 28.98
3.21 11.72
-1.4 -2.89
1.09 1.12
5.78 12.41
4.06 7.81
-1.5 7.76
0.33 4.99
0.89 5.09
-34.39 14.88
3.1 6.81
0.52 4.2
0.22 4.73
0.03 5.04
0.11 5.24
0.23 4.99
0.02 4.95
0.15 5.02
0.1 5.1
0.08 5.06
0.08 5.17
0.03 5.22
0.11 5.07
0.22 5.06
0.13 5.02
0.16 5.17
0.16 5.15
-3.67 1.24
-0.01 6.06
-0.17 5.35
1.42 3.36
-3.04 4.59
0.05 12.34
2.8 6.49
-2.82 6.43
-0.28 5.39
0.21 5.02
-0.52 5.81
2.61 5.77
-1.36 1.02
1.12 5.28
-0.7 11.21
-0.8 0.58
0.69 4.61
-0.13 5.01
-0.5 6.22
1.06 7.14
0.06 4.69
-0.23 5.5
0.2 5.54
0.18 5.28
0.51 5.65
-3.61 4.47
-0.17 5.45
0.42 5.34
-0.65 4.57
-1.54 0.56
4.12 10.22
-0.97 10.57
0.38 5.34
2.13 2.07
-4.06 2.47
-12.21 9.26
6.29 -2.29
5.51 2.66
-0.13 5.34
4.26 1.35
-0.14 4.31
-1.42 4.98
-0.19 6.25
-0.11 5.55
0.1 5.31
0.13 5.36
-0.05 5.32
0.01 5.33
0.08 5.41
0.08 6.24
-0.08 5.68
0.32 11.17
0.33 -2.29
-1.28 5.38
1.25 8.36
-0.87 3.25
-6.71 6.02
1.21 5.12
0.54 7.86
0.23 6.9
-1.42 2.55
-1.78 5.79
0.43 4.49
0.07 5.24
0.11 5.28
-0.08 5.25
0.07 5.2
0.27 7.7
-3.29 4.82
-1.05 4.13
-0.24 5.75
0.93 6.95
-0.74 2.01
1.25 5.65
1.26 4.88
0.57 5.58
1.29 4.64
-0.63 6.86
-0.43 5.14
-0.14 4.92
-6.54 1.95
4.12 5.29
0.06 5.4
0.17 5.06
-0.0 5.08
-0.03 5.44
0.08 5.32
-0.39 3.14
-0.02 5.26
0.38 5.31
4.56 5.31
-3.75 3.93
6.78 -0.93
0.85 -0.31
0.27 5.56
-1.37 8.63
0.08 5.48
-4.77 8.99
-6.69 10.73
-2.72 2.76
-6.75 2.74
-20.17 14.18
4.88 -0.44
NaN 24.99
3.52 5.75
-5.41 -8.55
-13.79 10.2
-3.77 14.36
-0.45 9.84
2.96 7.81
-1.0 4.08
1.88 6.16
0.24 8.5
0.31 5.2
0.23 5.36
-2.74 8.31
3.12 8.03
0.37 5.29
-0.07 5.38
0.05 5.4
-0.08 5.39
0.1 5.16
1.69 8.39
0.76 6.05
0.06 5.42
-0.29 4.29
1.5 6.74
0.1 5.29
-0.03 5.46
0.07 5.38
0.03 5.33
-0.89 5.35
-0.06 4.59
1.71 7.32
-8.37 -1.64
-15.12 -4.04
2.96 15.71
-0.28 3.16
-1.43 6.8
2.94 9.77
-0.13 5.42
0.08 5.39
0.19 5.5
-0.62 1.59
0.46 9.3
0.21 4.78
0.83 5.72
0.04 4.83
2.23 8.6
2.28 9.95
9.69 -1.92
-2.56 13.89
-5.72 8.69
-1.36 1.57
0.53 4.15
3.11 1.13
-3.42 10.46
-2.42 4.98
-0.12 6.41
-1.7 -8.58
5.61 13.91
5.23 36.05
3.04 -40.91
-0.5 17.69
1.67 16.2
8.14 10.8
-5.48 -12.42
-7.53 3.32
-2.45 7.89
-3.48 -0.01
-4.1 5.97
-1.17 3.31
3.53 2.85
-0.74 5.5
-3.9 9.42
-3.4 7.36
-0.52 3.89
-1.39 13.26
4.29 4.94
-1.84 5.54
-2.3 1.96
-1.36 7.88
0.34 4.46
-0.09 5.43
0.0 2.78
0.29 4.67
0.06 5.13
0.01 5.13
0.07 5.29
-0.04 5.36
0.04 5.02
0.01 5.19
0.08 5.16
0.01 5.19
0.08 5.22
-0.01 5.19
-0.0 5.06
-0.04 5.23
-0.03 5.2
-0.07 5.23
-0.04 5.16
0.02 5.17
0.05 5.25
0.34 5.74
0.08 5.2
-0.53 6.81
-0.18 2.86
-3.5 6.09
0.18 -3.73
0.81 -0.71
-0.44 -0.08
-0.78 -2.99
-1.48 -2.51
0.8 -4.36
-1.33 -4.66
-0.81 -7.71
1.98 -9.04
-3.75 -9.45
-0.17 -13.44
-1.7 -16.35
2.34 -17.02
-1.73 -22.87
-1.49 -24.04
-0.32 -26.85
-0.85 -25.52
-1.03 -29.74
-0.92 -28.34
0.24 -27.03
-0.56 -28.43
-0.23 -25.91
-0.88 -28.98
-0.86 -30.61
-0.79 -30.91
-1.89 -30.08
2.43 -31.7
-2.07 -33.68
-0.78 -34.16
-0.58 -35.03
-0.19 -28.98
-2.24 -36.74
-1.12 -34.82
-0.65 -35.22
-0.64 -35.2
-0.41 -35.64
-0.68 -34.89
-0.66 -34.32
-0.58 -35.5
-0.54 -35.1
-0.6 -35.51
-0.43 -35.28
-0.37 -34.0
-0.15 -32.26
-1.08 -29.11
4.51 -28.79
-5.16 -23.72
-0.78 -23.21
-1.61 -26.66
1.55 -17.57
0.25 -24.32
-2.65 -17.29
-0.97 -16.67
-2.6 -22.52
-0.67 -7.16
-0.35 -14.31
-1.92 3.56
-6.92 32.28
0.03 4.67
-0.08 4.68
-0.31 5.05
0.27 2.99
-1.05 2.77
-2.84 -0.16
-0.13 4.6
-0.46 5.78
1.07 2.96
-0.12 5.0
-0.08 4.9
-0.34 5.18
-0.2 5.02
-0.3 5.13
-0.26 5.2
-0.22 5.16
-0.24 5.25
-0.28 5.17
-0.3 5.28
-0.55 5.1
-0.26 3.42
-0.37 5.37
-0.31 5.09
-0.09 5.12
0.0 4.57
-0.21 5.31
-0.26 3.64
-0.17 4.75
0.24 3.23
-1.03 5.44
2.0 14.15
1.19 21.7
-0.76 24.83
0.87 29.39
-0.34 32.03
-1.04 33.27
-0.13 35.58
0.09 33.88
0.05 34.44
0.01 34.02
0.04 34.63
0.16 34.32
0.12 34.36
-0.16 33.54
0.04 33.71
0.26 33.14
-0.14 33.39
1.53 23.85
0.27 24.8
-1.05 12.6
32.0 21.74
-2.57 6.46
-0.47 5.62
-0.09 5.13
-0.1 5.57
-0.6 4.99
-0.6 4.98
-0.18 2.08
-1.07 3.5
0.48 1.01
-0.24 -1.82
-0.01 -2.31
0.38 -8.85
-0.57 -11.21
0.32 -9.48
0.01 -11.88
-1.02 -16.08
-1.05 -14.31
-0.26 -14.06
-0.72 -15.41
0.47 -16.31
-3.09 14.69
3.04 6.81
-1.16 5.35
1.01 7.6
-0.49 4.7
0.38 4.58
-1.46 4.25
-0.24 4.06
0.2 4.67
-2.18 7.29
0.42 4.75
-0.8 4.81
-1.28 5.64
3.64 0.9
-1.14 6.71
-1.79 2.07
0.45 3.4
0.06 5.21
0.09 5.29
0.05 5.19
0.03 5.11
0.0 5.17
-0.04 5.29
-0.04 5.23
-0.05 5.03
-0.21 5.21
0.0 5.11
3.38 6.95
-1.24 3.74
-0.12 5.97
-0.01 5.24
-0.03 5.12
0.07 5.13
-0.24 5.19
0.19 5.21
0.02 5.62
0.01 5.54
-0.07 5.58
0.1 4.59
0.11 5.26
0.22 4.97
-0.43 5.22
-0.06 5.06
0.09 5.03
0.01 5.12
0.02 5.33
0.01 5.21
0.12 5.04
0.1 5.11
0.01 5.19
0.13 5.16
0.03 5.29
0.08 5.12
0.01 5.21
0.06 5.18
0.0 5.13
0.18 5.21
0.03 5.23
0.0 5.15
0.09 5.06
0.06 5.29
0.14 5.13
0.05 5.12
0.01 5.26
-0.09 5.07
0.01 5.19
0.01 5.22
0.02 5.24
0.16 5.32
0.15 5.13
0.12 5.24
0.1 5.1
0.09 5.06
0.05 5.22
0.2 5.2
0.11 5.17
0.08 5.25
0.01 5.05
-0.04 5.11
-0.0 5.27
0.05 5.15
0.0 5.32
0.11 5.19
0.07 5.16
0.02 5.22
-0.06 5.23
0.05 5.11
-0.0 5.27
0.09 5.23
0.08 5.15
0.08 5.2
0.1 5.22
-0.06 5.24
0.05 5.1
0.09 5.12
-0.03 5.18
0.05 5.1
0.12 5.21
0.04 5.13
0.89 5.14
-0.92 5.33
0.01 5.28
-0.9 5.15
0.05 5.12
0.08 5.21
0.15 5.02
0.19 5.27
0.02 5.23
0.04 5.06
0.85 5.24
-0.84 5.2
0.1 5.2
0.1 5.14
0.84 5.16
-0.92 5.3
0.12 5.26
0.87 5.04
0.07 5.01
0.91 5.1
0.13 5.16
-0.85 5.19
-0.85 5.09
0.05 5.1
-0.9 5.19
0.14 5.19
0.92 5.12
-0.81 5.23
0.04 5.17
0.06 5.14
0.12 5.21
0.18 5.15
0.06 5.26
0.07 5.05
-0.02 5.15
0.03 5.19
-0.03 5.27
-0.0 5.16
0.21 5.14
0.12 5.29
0.18 5.21
0.06 5.17
-0.11 5.09
0.16 5.12
0.08 5.11
0.0 5.16
0.02 5.28
0.11 5.16
0.11 5.26
-0.07 5.22
-0.02 5.23
0.13 5.18
0.0 5.04
0.14 4.95
-0.03 5.09
0.02 5.25
0.04 5.2
0.04 5.17
0.01 5.14
0.05 5.22
0.05 5.15
0.08 5.15
-0.02 5.2
0.03 5.21
0.0 5.23
0.02 5.01
-0.04 5.22
0.11 4.99
-0.02 5.21
0.09 5.24
0.13 5.2
-0.03 5.13
0.07 5.16
0.05 5.16
0.09 5.15
0.11 5.14
0.14 4.99
0.04 5.08
0.16 5.21
0.01 5.1
0.03 5.08
0.06 5.25
0.01 5.18
0.04 5.21
0.1 5.09
0.07 5.23
0.03 5.17
0.08 5.1
0.08 5.13
0.05 5.22
0.16 5.11
0.04 5.18
0.13 5.15
0.22 5.12
-0.02 5.07
0.07 5.04
-0.01 5.17
-0.08 5.34
0.16 5.19
0.11 5.03
0.05 5.12
0.04 5.21
-0.06 5.15
0.09 5.17
0.16 5.17
0.1 5.22
0.05 5.22
0.06 5.1
0.15 5.18
-0.02 5.25
0.03 5.16
0.16 5.19
0.07 5.3
0.08 5.07
0.18 5.25
-0.01 5.1
0.09 5.12
0.08 5.21
0.09 5.19
0.03 5.24
0.17 5.11
0.02 5.17
0.12 5.05
0.08 5.13
0.01 5.17
0.12 5.15
0.01 5.2
0.12 5.07
0.12 5.14
0.06 5.19
-0.03 5.19
0.09 5.1
0.14 5.09
0.1 5.15
0.04 5.15
-0.05 5.1
0.08 5.18
-0.02 5.1
-0.08 5.3
0.03 5.16
0.17 5.18
0.05 5.11
0.05 5.1
0.09 5.19
0.05 5.13
0.06 5.13
0.01 5.26
0.1 5.1
0.15 5.07
-0.02 5.08
0.18 5.14
0.05 5.03
0.05 5.26
0.13 5.13
0.02 5.03
0.03 5.13
0.02 5.22
0.11 5.1
-0.0 5.21
0.09 5.13
0.0 5.